保存した波形 C3
 1 列目は時間,2 列目は信号値
 
-2.52e-08,-0.0013785904671408389
-2.4999999997329714e-08,-0.0011902514412440723
-2.4799999994659428e-08,-0.0010011040933477489
-2.459999999198914e-08,-0.0007998319154580713
-2.4399999989318855e-08,-0.0006009847035670646
-2.419999998664857e-08,-0.00039526675467982386
-2.3999999983978282e-08,-0.00018025310279767837
-2.3799999981307996e-08,2.1423236091777653e-05
-2.359999997863771e-08,0.00023401192197525233
-2.3399999975967423e-08,0.0004575129548527457
-2.3199999973297137e-08,0.0006575726497430878
-2.299999997062685e-08,0.0008596531496323223
-2.2799999967956564e-08,0.0010306132525386147
-2.2599999965286278e-08,0.0011967234234475654
-2.239999996261599e-08,0.0013329256803729095
-2.2199999959945705e-08,0.0014727653862962597
-2.199999995727542e-08,0.0015907803982315727
-2.1799999954605132e-08,0.0016768666911843866
-2.1599999951934846e-08,0.001768611238134099
-2.139999994926456e-08,0.00182640626110242
-2.1199999946594273e-08,0.0018749055810758364
-2.0999999943923986e-08,0.0019019843680609938
-2.07999999412537e-08,0.001912492554055234
-2.0599999938583414e-08,0.0019274465110470373
-2.0399999935913127e-08,0.001913300876054791
-2.019999993324284e-08,0.0018967302750638737
-1.9999999930572554e-08,0.0018680348440796024
-1.9799999927902268e-08,0.0018454018280920081
-1.9599999925231982e-08,0.0018163022361079584
-1.9399999922561695e-08,0.001788415127123244
-1.919999991989141e-08,0.0017722486871321053
-1.8999999917221123e-08,0.001724557689158246
-1.8799999914550836e-08,0.0016388755572052105
-1.859999991188055e-08,0.0015693598652433138
-1.8399999909210263e-08,0.0014545781413062286
-1.8199999906539977e-08,0.0014000164063361353
-1.799999990386969e-08,0.0013292882313749033
-1.7799999901199404e-08,0.0012512851584176587
-1.7599999898529118e-08,0.0011154870624920932
-1.739999989585883e-08,0.0009388687055889022
-1.7199999893188545e-08,0.0007230467317071998
-1.699999989051826e-08,0.0005153079778210667
-1.6799999887847972e-08,0.0003556643829085715
-1.6599999885177686e-08,0.00020208320299275329
-1.63999998825074e-08,0.00010629704604525614
-1.6199999879837113e-08,-5.900480286413767e-05
-1.5999999877166827e-08,-0.00022349832977397455
-1.579999987449654e-08,-0.00043729949865678464
-1.5599999871826254e-08,-0.0006317009395502282
-1.5399999869155967e-08,-0.0008151900334496531
-1.519999986648568e-08,-0.0008940014284064546
-1.4999999863815395e-08,-0.0009509881293752187
-1.4799999861145108e-08,-0.0009760461113614838
-1.4599999858474822e-08,-0.0010411160323258173
-1.4399999855804535e-08,-0.0011922722462429647
-1.4199999853134249e-08,-0.0013507033581561245
-1.3999999850463963e-08,-0.0014776099120865638
-1.3799999847793676e-08,-0.001534596613055328
-1.359999984512339e-08,-0.0015354049350548848
-1.3399999842453104e-08,-0.0014945846740772595
-1.3199999839782817e-08,-0.0014953929960768164
-1.299999983711253e-08,-0.00152610923205998
-1.2799999834442244e-08,-0.0016267453210048188
-1.2599999831771958e-08,-0.0016582698789875394
-1.2399999829101672e-08,-0.0016154288130110217
-1.2199999826431385e-08,-0.0015107511140683982
-1.1999999823761099e-08,-0.0013745488571430542
-1.1799999821090812e-08,-0.00122783841422347
-1.1599999818420526e-08,-0.0011328605792755297
-1.139999981575024e-08,-0.0010855737423014489
-1.1199999813079953e-08,-0.001043540998324488
-1.0999999810409667e-08,-0.000953008934374111
-1.079999980773938e-08,-0.0007881112464644957
-1.0599999805069094e-08,-0.0006001763815675076
-1.0399999802398808e-08,-0.00038920433968314683
-1.0199999799728521e-08,-0.0002150109487786267
-9.999999797058235e-09,-4.122171887388504e-05
-9.799999794387948e-09,0.00010589288504547767
-9.599999791717662e-09,0.0002788737929506624
-9.399999789047376e-09,0.0004235634308713543
-9.19999978637709e-09,0.0006187731937643548
-8.999999783706803e-09,0.0008406575826427343
-8.799999781036517e-09,0.0010892165975064927
-8.59999977836623e-09,0.0013131217913837645
-8.399999775695944e-09,0.0014570031073048995
-8.199999773025657e-09,0.0015637016112464153
-7.999999770355371e-09,0.0015976511352278067
-7.799999767685085e-09,0.0016708042761877095
-7.599999765014798e-09,0.0017391074851502708
-7.399999762344512e-09,0.0018231729731041924
-7.199999759674225e-09,0.001872884776076944
-6.999999757003939e-09,0.0018255979391028632
-6.799999754333653e-09,0.0016792916571830574
-6.599999751663366e-09,0.0014909526312862909
-6.39999974899308e-09,0.0012957428683932903
-6.1999997463227934e-09,0.0012387561674245262
-5.999999743652507e-09,0.001280788911401487
-5.799999740982221e-09,0.0013414130613682573
-5.599999738311934e-09,0.0012941262243941765
-5.399999735641648e-09,0.0009970678895570018
-5.1999997329713615e-09,0.000583611186783628
-4.999999730301075e-09,0.0002841278859477825
-4.799999727630789e-09,0.00026876976795620067
-4.599999724960502e-09,0.0005064164358259404
-4.399999722290216e-09,0.0007933707456686534
-4.1999997196199295e-09,0.0008669280476283348
-3.999999716949643e-09,0.0005722946787898309
-3.799999714279357e-09,3.2335583085796316e-05
-3.5999997116090703e-09,-0.00036940045069400185
-3.399999708938784e-09,-0.00036778380669488797
-3.1999997062684975e-09,-1.6139408955950785e-06
-2.999999703598211e-09,0.0003892097458901844
-2.7999997009279248e-09,0.00048540006383746004
-2.5999996982576384e-09,0.00016975032301047577
-2.399999695587352e-09,-0.0003633380356973248
-2.1999996929170656e-09,-0.0007824529924675971
-1.999999690246779e-09,-0.0007889195684640526
-1.7999996875764928e-09,-0.0004300246006607722
-1.5999996849062064e-09,-4.84722889382283e-06
-1.39999968223592e-09,0.00014671314602310304
-1.1999996795656336e-09,-0.0002150109487786267
-9.999996768953472e-10,-0.0009380549773823077
-7.999996742250608e-10,-0.0017617350949308275
-5.999996715547744e-10,-0.002185295822698663
-3.9999966888448805e-10,-0.0020090816267952505
-1.9999966621420166e-10,-0.0013430242991603336
3.3645608473285843e-16,-0.0007755822554713632
2.0000033912637112e-10,-0.0008010443984574067
4.000003417966575e-10,-0.0015103469530686198
6.000003444669439e-10,-0.0024298132275646367
8.000003471372303e-10,-0.0027482920953900702
1.0000003498075167e-09,-0.0022402617186685347
1.200000352477803e-09,-0.0012714878021995446
1.4000003551480895e-09,-0.0005112609616162445
1.6000003578183759e-09,-0.0004700365396388406
1.8000003604886623e-09,-0.000985745975356167
2.0000003631589487e-09,-0.001539850706052448
2.200000365829235e-09,-0.0016853486659726968
2.4000003684995214e-09,-0.0012120761352321097
2.600000371169808e-09,-0.00023562315976732862
2.8000003738400942e-09,0.0007194092827091936
3.0000003765103806e-09,0.0011352909514812382
3.200000379180667e-09,0.0008762237506232395
3.4000003818509534e-09,0.00021824964298389204
3.6000003845212398e-09,-0.0003306009947152688
3.800000387191526e-09,-0.00029745979273343437
4.0000003898618126e-09,0.0003714266618999318
4.200000392532099e-09,0.0012775556234032592
4.400000395202385e-09,0.0018352978030975464
4.600000397872672e-09,0.0016809083011821713
4.800000400542958e-09,0.0009485685695835855
5.0000004032132445e-09,0.000140650731026426
5.200000405883531e-09,-0.0001499410278142932
5.400000408553817e-09,0.0002085497789892088
5.600000411224104e-09,0.0008855194536181443
5.80000041389439e-09,0.0014355825743166406
6.0000004165646765e-09,0.001435986735316419
6.200000419234963e-09,0.0008224703376527032
6.400000421905249e-09,5.133115007538436e-05
6.600000424575536e-09,-0.0003087763007272315
6.800000427245822e-09,6.38601410685169e-05
7.0000004299161085e-09,0.0008265119476504879
7.200000432586395e-09,0.0014129495583290463
7.400000435256681e-09,0.0015305604092645808
7.600000437926968e-09,0.001138524239479466
7.800000440597254e-09,0.0005023748258281557
8.00000044326754e-09,1.81899480935499e-05
8.200000445937827e-09,-0.0001863155177943554
8.400000448608113e-09,-6.870466685882093e-05
8.6000004512784e-09,0.00018712924600094993
8.800000453948686e-09,0.00033262720592119877
9.000000456618972e-09,0.00022350373598101214
9.200000459289259e-09,-0.0001915696107914755
9.400000461959545e-09,-0.0007569908494815536
9.600000464629832e-09,-0.001266637870202203
9.800000467300118e-09,-0.001338174367162992
1.0000000469970404e-08,-0.0009885751023546163
1.020000047264069e-08,-0.0006401883205455761
1.0400000475310977e-08,-0.0007569908494815536
1.0600000477981264e-08,-0.0013931402631328638
1.080000048065155e-08,-0.0020175690077905983
1.1000000483321836e-08,-0.002202674745689137
1.1200000485992123e-08,-0.001859542056877217
1.1400000488662409e-08,-0.0013220079271718532
1.1600000491332695e-08,-0.0009881709413548379
1.1800000494002982e-08,-0.0010479867693220513
1.2000000496673268e-08,-0.0014731641410890006
1.2200000499343555e-08,-0.001897533190856393
1.2400000502013841e-08,-0.0021020386567442984
1.2600000504684127e-08,-0.001937140968834683
1.2800000507354414e-08,-0.001579458484030738
1.30000005100247e-08,-0.0011894431192445154
1.3200000512694987e-08,-0.0009267384693885106
1.3400000515365273e-08,-0.0009376508163825292
1.360000051803556e-08,-0.0011845931872471738
1.3800000520705846e-08,-0.0015341924520555494
1.4000000523376132e-08,-0.0016526116249906408
1.4200000526046419e-08,-0.0014404271001069446
1.4400000528716705e-08,-0.0010665781753118608
1.4600000531386991e-08,-0.0007630532644782306
1.4800000534057278e-08,-0.0007238496474997191
1.5000000536727564e-08,-0.0009202718933920551
1.520000053939785e-08,-0.0011316480962761943
1.5400000542068137e-08,-0.001130435613276859
1.5600000544738423e-08,-0.0007982152714589574
1.580000054740871e-08,-0.0001681282728043243
1.6000000550078996e-08,0.00033383968892053417
1.6200000552749282e-08,0.0004914624788341371
1.640000055541957e-08,0.00034434787491477437
1.6600000558089855e-08,5.5776921072947516e-05
1.6800000560760142e-08,1.859410909332837e-05
1.7000000563430428e-08,0.00038476397489262126
1.7200000566100714e-08,0.0009473560865842501
1.7400000568771e-08,0.0015188397402710052
1.7600000571441287e-08,0.0017104120541659995
1.7800000574111574e-08,0.0015592558402488521
1.800000057678186e-08,0.0011740904074599712
1.8200000579452146e-08,0.0009736265515698506
1.8400000582122433e-08,0.001169644636462408
1.860000058479272e-08,0.0017787152631285608
1.8800000587463006e-08,0.002451239166759933
1.9000000590133292e-08,0.002707881401619261
1.920000059280358e-08,0.002405568973784966
1.9400000595473865e-08,0.0017439574171476124
1.960000059814415e-08,0.0013369672903706942
1.9800000600814438e-08,0.0013907207033412305
2.0000000603484724e-08,0.0017500198321442895
2.020000060615501e-08,0.0019739250260215613
2.0400000608825297e-08,0.0018542933700871345
2.0600000611495583e-08,0.0013486879593642698
2.080000061416587e-08,0.0008067080586613429
2.1000000616836156e-08,0.0003520269339105653
2.1200000619506442e-08,0.0001576254930171217
2.140000062217673e-08,0.00018430011900250065
2.1600000624847015e-08,0.0003358604939194265
2.18000006275173e-08,0.0004530671838551825
2.2000000630187588e-08,0.00028331956394822555
2.2200000632857874e-08,-0.00020126947478615875
2.240000063552816e-08,-0.0007088956905079158
2.2600000638198447e-08,-0.0009631129593685728
2.2800000640868733e-08,-0.0007505242734850981
2.300000064353902e-08,-0.0003689962896942234
2.3200000646209306e-08,-0.0001903571277921401
2.3400000648879593e-08,-0.0003467674347064076
2.360000065154988e-08,-0.0007662865524764584
2.3800000654220165e-08,-0.0011276064862784096
2.4000000656890452e-08,-0.0011894431192445154
2.4200000659560738e-08,-0.0010750655563072087
2.4400000662231025e-08,-0.0009392674603816431
2.460000066490131e-08,-0.0010209079823368938
2.4800000667571597e-08,-0.0013414076551612197
2.5000000670241884e-08,-0.0017520352309361442
