保存した波形 C3
 1 列目は時間,2 列目は信号値
 
-2.52e-08,-0.0013927361021330853
-2.4999999997329714e-08,-0.0013874820091359652
-2.4799999994659428e-08,-0.0013535324851545738
-2.459999999198914e-08,-0.0013300911471674226
-2.4399999989318855e-08,-0.0012824001491935633
-2.419999998664857e-08,-0.0012492589472117288
-2.3999999983978282e-08,-0.0011789349332502752
-2.3799999981307996e-08,-0.0011272023252786312
-2.359999997863771e-08,-0.0010524325403196144
-2.3399999975967423e-08,-0.00097968356035949
-2.3199999973297137e-08,-0.0008899598184086699
-2.299999997062685e-08,-0.0008006402374576282
-2.2799999967956564e-08,-0.0007068748855090234
-2.2599999965286278e-08,-0.0006284676515520005
-2.239999996261599e-08,-0.0005051985466195674
-2.2199999959945705e-08,-0.0004049666186745071
-2.199999995727542e-08,-0.00030433052972966834
-2.1799999954605132e-08,-0.00021662759277774057
-2.1599999951934846e-08,-0.00010912076683666783
-2.139999994926456e-08,-6.059711893158237e-06
-2.1199999946594273e-08,0.00010185127504769298
-2.0999999943923986e-08,0.00020612481299053798
-2.07999999412537e-08,0.00030271929193759206
-2.0599999938583414e-08,0.00041628853287534184
-2.0399999935913127e-08,0.0005031831478277127
-2.019999993324284e-08,0.0006070525247707792
-1.9999999930572554e-08,0.0007040511647176118
-1.9799999927902268e-08,0.0008087288636602352
-1.9599999925231982e-08,0.0008960276396123845
-1.9399999922561695e-08,0.0009606933995769396
-1.919999991989141e-08,0.001047183853529532
-1.8999999917221123e-08,0.0010863874705080434
-1.8799999914550836e-08,0.0011235702824876626
-1.859999991188055e-08,0.001157519806469054
-1.8399999909210263e-08,0.0011672196704637372
-1.8199999906539977e-08,0.0011474157814745922
-1.799999990386969e-08,0.0011356951124810166
-1.7799999901199404e-08,0.0010855791485084865
-1.7599999898529118e-08,0.0010762834455135817
-1.739999989585883e-08,0.001034250701536621
-1.7199999893188545e-08,0.0010039386265532357
-1.699999989051826e-08,0.0009643308485749458
-1.6799999887847972e-08,0.0009416978325873515
-1.6599999885177686e-08,0.0008936026736137137
-1.63999998825074e-08,0.0008746071066241257
-1.6199999879837113e-08,0.0008479324806387467
-1.5999999877166827e-08,0.0008257036256509309
-1.579999987449654e-08,0.0007856916866728625
-1.5599999871826254e-08,0.0007424464596965663
-1.5399999869155967e-08,0.0006850555977280237
-1.519999986648568e-08,0.0006313021847574873
-1.4999999863815395e-08,0.0005840153477834065
-1.4799999861145108e-08,0.0005246036808159715
-1.4599999858474822e-08,0.0004546838278542964
-1.4399999855804535e-08,0.0003637476029041409
-1.4199999853134249e-08,0.00028857365694534565
-1.3999999850463963e-08,0.0002097622619885442
-1.3799999847793676e-08,0.00014752146802265997
-1.359999984512339e-08,9.295973305256666e-05
-1.3399999842453104e-08,6.224349706940302e-05
-1.3199999839782817e-08,2.303988009089153e-05
-1.299999983711253e-08,-2.020534688540465e-05
-1.2799999834442244e-08,-8.325446285084581e-05
-1.2599999831771958e-08,-0.00013983700281983147
-1.2399999829101672e-08,-0.00020894853378194966
-1.2199999826431385e-08,-0.00027806006474406786
-1.1999999823761099e-08,-0.0003116054277256808
-1.1799999821090812e-08,-0.00034838407870552146
-1.1599999818420526e-08,-0.00037465454369112194
-1.139999981575024e-08,-0.00044214943065412626
-1.1199999813079953e-08,-0.00048256553063197316
-1.0999999810409667e-08,-0.0005205566646111492
-1.079999980773938e-08,-0.0005407647146000727
-1.0599999805069094e-08,-0.0005355106216029526
-1.0399999802398808e-08,-0.0004821613696321947
-1.0199999799728521e-08,-0.00043608701565744923
-9.999999797058235e-09,-0.0003908209836822607
-9.799999794387948e-09,-0.00037950447568846357
-9.599999791717662e-09,-0.00037061293369333725
-9.399999789047376e-09,-0.0003778878316893497
-9.19999978637709e-09,-0.00036697548469533103
-8.999999783706803e-09,-0.0003063513347285607
-8.799999781036517e-09,-0.00021581927077818364
-8.59999977836623e-09,-0.00014104948581916688
-8.399999775695944e-09,-0.00012528720682780659
-8.199999773025657e-09,-0.00017701981479945061
-7.999999770355371e-09,-0.00023804812576599943
-7.799999767685085e-09,-0.00026916852274894154
-7.599999765014798e-09,-0.00019722786478837406
-7.399999762344512e-09,-9.820841984264916e-05
-7.199999759674225e-09,1.1723372097094398e-05
-6.999999757003939e-09,8.285570805810494e-05
-6.799999754333653e-09,9.578886005101594e-05
-6.599999751663366e-09,0.00011518858804038246
-6.39999974899308e-09,7.719745406120637e-05
-6.1999997463227934e-09,5.6585243072504454e-05
-5.999999743652507e-09,2.9910617087125502e-05
-5.799999740982221e-09,4.769370107737814e-05
-5.599999738311934e-09,6.790175106630159e-05
-5.399999735641648e-09,9.093892805367432e-05
-5.1999997329713615e-09,-2.505527888274628e-05
-4.999999730301075e-09,-0.00022753993977175924
-4.799999727630789e-09,-0.0004587200316450435
-4.599999724960502e-09,-0.0005698643065841225
-4.399999722290216e-09,-0.0006733295225274105
-4.1999997196199295e-09,-0.0009061262583998086
-3.999999716949643e-09,-0.0013430242991603336
-3.799999714279357e-09,-0.0018037678389077882
-3.5999997116090703e-09,-0.001799322067910225
-3.399999708938784e-09,-0.0012541088792090704
-3.1999997062684975e-09,-0.0005431896805987435
-2.999999703598211e-09,-0.00028331415774118796
-2.7999997009279248e-09,-0.0008446937864334814
-2.5999996982576384e-09,-0.0019124871478481964
-2.399999695587352e-09,-0.0024900332165316286
-2.1999996929170656e-09,-0.0018930874198588299
-1.999999690246779e-09,-0.00039526675467982386
-1.7999996875764928e-09,0.0009182564946002003
-1.5999996849062064e-09,0.0010613294885217783
-1.39999968223592e-09,2.5464846089562343e-05
-1.1999996795656336e-09,-0.00148124736108457
-9.999996768953472e-10,-0.002601581652470486
-7.999996742250608e-10,-0.002981492992262247
-5.999996715547744e-10,-0.0028836860303158574
-3.9999966888448805e-10,-0.0026294687614552004
-1.9999966621420166e-10,-0.0022632988956559075
3.3645608473285843e-16,-0.0019367368078349045
2.0000033912637112e-10,-0.002033735447781737
4.000003417966575e-10,-0.002739400553394944
6.000003444669439e-10,-0.003510943901972041
8.000003471372303e-10,-0.0033666584250511278
1.0000003498075167e-09,-0.0020212064567886046
1.200000352477803e-09,-9.90167418422061e-05
1.4000003551480895e-09,0.0011967234234475654
1.6000003578183759e-09,0.0011748987294595281
1.8000003604886623e-09,0.00027442802195309923
2.0000003631589487e-09,-0.0005880515515741536
2.200000365829235e-09,-0.0006834335475218722
2.4000003684995214e-09,3.961048108180876e-05
2.600000371169808e-09,0.0011025539104991822
2.8000003738400942e-09,0.0018276187441017555
3.0000003765103806e-09,0.0015620849672473014
3.200000379180667e-09,0.00041750101587467725
3.4000003818509534e-09,-0.0009813002043586039
3.6000003845212398e-09,-0.0014856931320821332
3.800000387191526e-09,-0.0007796238654691479
4.0000003898618126e-09,0.0007602295436868189
4.200000392532099e-09,0.00211416889294469
4.400000395202385e-09,0.002224504845884212
4.600000397872672e-09,0.0010504171415277597
4.800000400542958e-09,-0.0002998847587321052
5.0000004032132445e-09,-0.0006312967785504497
5.200000405883531e-09,0.0003087817069342691
5.400000408553817e-09,0.0016275590492114134
5.600000411224104e-09,0.0022637084628627235
5.80000041389439e-09,0.0018943053090652029
6.0000004165646765e-09,0.0012189522784353812
6.200000419234963e-09,0.0010391006335339625
6.400000421905249e-09,0.0016449379722018875
6.600000424575536e-09,0.0026100744396728714
6.800000427245822e-09,0.0034038466432377845
7.0000004299161085e-09,0.003750616781047711
7.200000432586395e-09,0.0037425335610521415
7.400000435256681e-09,0.0035735942631447415
7.600000437926968e-09,0.0035554070181547104
7.800000440597254e-09,0.0038201324730096076
8.00000044326754e-09,0.004543580662613067
8.200000445937827e-09,0.005507908808084494
8.400000448608113e-09,0.006038976361793402
8.6000004512784e-09,0.006177603584717417
8.800000453948686e-09,0.005901965782868501
9.000000456618972e-09,0.00495986649238489
9.200000459289259e-09,0.004122849061843681
9.400000461959545e-09,0.003940572450943591
9.600000464629832e-09,0.0044724483266520565
9.800000467300118e-09,0.004987349440369826
1.0000000469970404e-08,0.004758998475494991
1.020000047264069e-08,0.00366372216609534
1.0400000475310977e-08,0.0022867456398500963
1.0600000477981264e-08,0.0014517490143077794
1.080000048065155e-08,0.0015430894002577134
1.1000000483321836e-08,0.002311399460836583
1.1200000485992123e-08,0.0031237630703913055
1.1400000488662409e-08,0.003300785588294275
1.1600000491332695e-08,0.0026064369906748652
1.1800000494002982e-08,0.0011728779244606358
1.2000000496673268e-08,-0.0003883960176835899
1.2200000499343555e-08,-0.0012670420312019814
1.2400000502013841e-08,-0.001052028379319836
1.2600000504684127e-08,3.071893908668244e-05
1.2800000507354414e-08,0.0011478199424743707
1.30000005100247e-08,0.001423861905323065
1.3200000512694987e-08,0.0005799737377856218
1.3400000515365273e-08,-0.0009392674603816431
1.360000051803556e-08,-0.0021978248136917955
1.3800000520705846e-08,-0.002443958862556883
1.4000000523376132e-08,-0.001991298542804998
1.4200000526046419e-08,-0.0015220676220621954
1.4400000528716705e-08,-0.0017334438249463346
1.4600000531386991e-08,-0.0027571836373851966
1.4800000534057278e-08,-0.0042032716945925586
1.5000000536727564e-08,-0.005368872017953663
1.520000053939785e-08,-0.0057871786527243785
1.5400000542068137e-08,-0.005560848492848436
1.5600000544738423e-08,-0.005275106666005058
1.580000054740871e-08,-0.005373317788951226
1.6000000550078996e-08,-0.0056243017698136555
1.6200000552749282e-08,-0.005941568154639754
1.640000055541957e-08,-0.0060999992665529135
1.6600000558089855e-08,-0.005903172859660799
1.6800000560760142e-08,-0.005340984908968949
1.7000000563430428e-08,-0.004579949746386092
1.7200000566100714e-08,-0.003911871613752282
1.7400000568771e-08,-0.003501244037977358
1.7600000571441287e-08,-0.0035412559769554264
1.7800000574111574e-08,-0.004026249176689589
1.800000057678186e-08,-0.004594903703377895
1.8200000579452146e-08,-0.004970369272172093
1.8400000582122433e-08,-0.0048038549402633635
1.860000058479272e-08,-0.004285316377547588
1.8800000587463006e-08,-0.00377526519582716
1.9000000590133292e-08,-0.003721107621856845
1.920000059280358e-08,-0.004226308871579931
1.9400000595473865e-08,-0.0048883245892170635
1.960000059814415e-08,-0.005209632584040946
1.9800000600814438e-08,-0.00502129355814418
2.0000000603484724e-08,-0.004586012161382769
2.020000060615501e-08,-0.004454255675454988
2.0400000608825297e-08,-0.00483901694724409
2.0600000611495583e-08,-0.005608135329822517
2.080000061416587e-08,-0.00613516127353364
2.1000000616836156e-08,-0.005948438891635988
2.1200000619506442e-08,-0.005253281972017021
2.140000062217673e-08,-0.004404543872482236
2.1600000624847015e-08,-0.003915913223750067
2.18000006275173e-08,-0.0038645847767782016
2.2000000630187588e-08,-0.004033119913685823
2.2200000632857874e-08,-0.003957541806727249
2.240000063552816e-08,-0.003405457881029861
2.2600000638198447e-08,-0.002371614043596537
2.2800000640868733e-08,-0.0012387507612174886
2.300000064353902e-08,-0.00043972446465545545
2.3200000646209306e-08,-0.00024451470176245493
2.3400000648879593e-08,-0.00047367398863684684
2.360000065154988e-08,-0.0005783516875794703
2.3800000654220165e-08,-0.00016489498480609655
2.4000000656890452e-08,0.0008220661766529247
2.4200000659560738e-08,0.001790031771122358
2.4400000662231025e-08,0.0022887664448489886
2.460000066490131e-08,0.0019662459670257704
2.4800000667571597e-08,0.0012634099884110128
2.5000000670241884e-08,0.0006547435227446385
