保存した波形 C3
 1 列目は時間,2 列目は信号値
 
-2.52e-08,-0.00206202671776623
-2.4999999997329714e-08,-0.0020781931577573687
-2.4799999994659428e-08,-0.0020830430897547103
-2.459999999198914e-08,-0.002062835039765787
-2.4399999989318855e-08,-0.0020410103457777495
-2.419999998664857e-08,-0.0019997859238003457
-2.3999999983978282e-08,-0.0019537115698256002
-2.3799999981307996e-08,-0.0018902582928603806
-2.359999997863771e-08,-0.0018045761609073452
-2.3399999975967423e-08,-0.001722531477952316
-2.3199999973297137e-08,-0.0016214912280076987
-2.299999997062685e-08,-0.0015285341980586509
-2.2799999967956564e-08,-0.0014024359661277686
-2.2599999965286278e-08,-0.0012836126321928987
-2.239999996261599e-08,-0.0011522603072648963
-2.2199999959945705e-08,-0.0010245454313349
-2.199999995727542e-08,-0.0008935972674066761
-2.1799999954605132e-08,-0.000751332595484655
-2.1599999951934846e-08,-0.0006272551685526651
-2.139999994926456e-08,-0.0004663990906408344
-2.1199999946594273e-08,-0.00030796797872767456
-2.0999999943923986e-08,-0.00015721592581030563
-2.07999999412537e-08,2.667732908889775e-05
-2.0599999938583414e-08,0.00018187515300382984
-2.0399999935913127e-08,0.00036293928090458394
-2.019999993324284e-08,0.0005278369688141993
-1.9999999930572554e-08,0.0007113260627136242
-1.9799999927902268e-08,0.0008604614716318792
-1.9599999925231982e-08,0.0009849430595636477
-1.9399999922561695e-08,0.0011263994094861118
-1.919999991989141e-08,0.001235927040426077
-1.8999999917221123e-08,0.0013555586963605037
-1.8799999914550836e-08,0.0014347742523170837
-1.859999991188055e-08,0.0015168189352721129
-1.8399999909210263e-08,0.0015596600012486306
-1.8199999906539977e-08,0.0015778472462386617
-1.799999990386969e-08,0.0015891637542324588
-1.7799999901199404e-08,0.001605734355223376
-1.7599999898529118e-08,0.0015960344912286928
-1.739999989585883e-08,0.0015915887202311296
-1.7199999893188545e-08,0.0015649140942457507
-1.699999989051826e-08,0.0015426852392579349
-1.6799999887847972e-08,0.001509139876276322
-1.6599999885177686e-08,0.001477211157293823
-1.63999998825074e-08,0.0014477074043099947
-1.6199999879837113e-08,0.0014279035153208497
-1.5999999877166827e-08,0.001371320975351864
-1.579999987449654e-08,0.0013422213833678143
-1.5599999871826254e-08,0.0012787681064025946
-1.5399999869155967e-08,0.0012068274484420272
-1.519999986648568e-08,0.001098108139501619
-1.4999999863815395e-08,0.0009881763475618754
-1.4799999861145108e-08,0.0008552073786347592
-1.4599999858474822e-08,0.0007375965276992247
-1.4399999855804535e-08,0.0005973526607760959
-1.4199999853134249e-08,0.0004558963108536318
-1.3999999850463963e-08,0.0003128233169320538
-1.3799999847793676e-08,0.00016853784001114036
-1.359999984512339e-08,3.476054908446713e-05
-1.3399999842453104e-08,-7.597956485483337e-05
-1.3199999839782817e-08,-0.0001903571277921401
-1.299999983711253e-08,-0.00029139737773675733
-1.2799999834442244e-08,-0.0003819294416871344
-1.2599999831771958e-08,-0.00046720741264039134
-1.2399999829101672e-08,-0.000542785519598965
-1.2199999826431385e-08,-0.0005993680595679507
-1.1999999823761099e-08,-0.0006757544885260813
-1.1799999821090812e-08,-0.0007501201124853196
-1.1599999818420526e-08,-0.000836610566437912
-1.139999981575024e-08,-0.000881472437413322
-1.1199999813079953e-08,-0.0009057220974000302
-1.0999999810409667e-08,-0.0009287592743874029
-1.079999980773938e-08,-0.0009336092063847445
-1.0599999805069094e-08,-0.0009485631633765479
-1.0399999802398808e-08,-0.0009627087983687943
-1.0199999799728521e-08,-0.0009501798073756618
-9.999999797058235e-09,-0.0009691753743652498
-9.799999794387948e-09,-0.0009396716213814216
-9.599999791717662e-09,-0.0009202718933920551
-9.399999789047376e-09,-0.0008867265304104421
-9.19999978637709e-09,-0.0008790474714146512
-8.999999783706803e-09,-0.0008535853284286077
-8.799999781036517e-09,-0.0008313564734407919
-8.59999977836623e-09,-0.0007759864164711416
-8.399999775695944e-09,-0.0007084915295081373
-8.199999773025657e-09,-0.0006074512795635201
-7.999999770355371e-09,-0.0005003486146222258
-7.799999767685085e-09,-0.00035525481570175543
-7.599999765014798e-09,-0.000172169882802109
-7.399999762344512e-09,-2.5459439882524748e-05
-7.199999759674225e-09,0.00016570871301269108
-6.999999757003939e-09,0.00032777727392385714
-6.799999754333653e-09,0.0005136913338219529
-6.599999751663366e-09,0.0007218342487078644
-6.39999974899308e-09,0.0009028983766086185
-6.1999997463227934e-09,0.001033442379537064
-5.999999743652507e-09,0.0010762834455135817
-5.799999740982221e-09,0.0010483963365288673
-5.599999738311934e-09,0.0009566517895791549
-5.399999735641648e-09,0.0008451033536402974
-5.1999997329713615e-09,0.0007735668566795084
-4.999999730301075e-09,0.0007711418906808376
-4.799999727630789e-09,0.00081802456665514
-4.599999724960502e-09,0.0009016858936092831
-4.399999722290216e-09,0.0009328062905922252
-4.1999997196199295e-09,0.00077316269567973
-3.999999716949643e-09,0.00030918586793404756
-3.799999714279357e-09,-0.0003504048837044138
-3.5999997116090703e-09,-0.0008531811674288292
-3.399999708938784e-09,-0.0008838974034119929
-3.1999997062684975e-09,-0.0004102207116716272
-2.999999703598211e-09,0.0001968291099956332
-2.7999997009279248e-09,0.00039810128788531074
-2.5999996982576384e-09,-6.425889586125777e-05
-2.399999695587352e-09,-0.000778007221470034
-2.1999996929170656e-09,-0.0009720045013636991
-1.999999690246779e-09,-0.00023158154976954393
-1.7999996875764928e-09,0.0009477602475840285
-1.5999996849062064e-09,0.0016142217362187239
-1.39999968223592e-09,0.001298976156391518
-1.1999996795656336e-09,0.00047893348784100453
-9.999996768953472e-10,-0.00015034518881407166
-7.999996742250608e-10,-0.00035404233270242
-5.999996715547744e-10,-0.0006389758375462407
-3.9999966888448805e-10,-0.001382227916138845
-1.9999966621420166e-10,-0.002415263431572612
3.3645608473285843e-16,-0.0030356505662325617
2.0000033912637112e-10,-0.0028303367783450994
4.000003417966575e-10,-0.0023400894856138166
6.000003444669439e-10,-0.002313819020628216
8.000003471372303e-10,-0.002804874635359056
1.0000003498075167e-09,-0.0029992760762524995
1.200000352477803e-09,-0.002251578226662332
1.4000003551480895e-09,-0.0007173830715032636
1.6000003578183759e-09,0.000635343794755272
1.8000003604886623e-09,0.0010665835815188984
2.0000003631589487e-09,0.0006458519807495122
2.200000365829235e-09,-5.698399786524533e-05
2.4000003684995214e-09,-0.00040819990667273487
2.600000371169808e-09,-0.00023238987176910086
2.8000003738400942e-09,0.00024452010796949253
3.0000003765103806e-09,0.0005743154837887232
3.200000379180667e-09,0.00039284719488819064
3.4000003818509534e-09,-0.00023117738876976546
3.6000003845212398e-09,-0.0008204441264467732
3.800000387191526e-09,-0.0008410563374354751
4.0000003898618126e-09,-9.497513184442141e-05
4.200000392532099e-09,0.0008345951676460572
4.400000395202385e-09,0.0012565392514147788
4.600000397872672e-09,0.0009041108596079539
4.800000400542958e-09,0.00023805353197303702
5.0000004032132445e-09,-0.00011760814783201567
5.200000405883531e-09,2.263571909111306e-05
5.400000408553817e-09,0.000349197806912116
5.600000411224104e-09,0.0004910583178343586
5.80000041389439e-09,0.00028978613994468105
6.0000004165646765e-09,-1.616373688761996e-05
6.200000419234963e-09,-3.2305848947089544e-06
6.400000421905249e-09,0.0005973526607760959
6.600000424575536e-09,0.0015483434932548334
6.800000427245822e-09,0.002308974494837912
7.0000004299161085e-09,0.002576933237691037
7.200000432586395e-09,0.0025284339177176207
7.400000435256681e-09,0.0025999704146784097
7.600000437926968e-09,0.0030324226844413715
7.800000440597254e-09,0.0037199005450645473
8.00000044326754e-09,0.004427990616676425
8.200000445937827e-09,0.0050592900983303934
8.400000448608113e-09,0.0057289848749633165
8.6000004512784e-09,0.006361092678616842
8.800000453948686e-09,0.006783036762385564
9.000000456618972e-09,0.006855785742345688
9.200000459289259e-09,0.006553069153511615
9.400000461959545e-09,0.006059184411782326
9.600000464629832e-09,0.005627944625018699
9.800000467300118e-09,0.0053325029341806385
1.0000000469970404e-08,0.005051206878334824
1.020000047264069e-08,0.004619967091571198
1.0400000475310977e-08,0.003978967745922546
1.0600000477981264e-08,0.003273302640309339
1.080000048065155e-08,0.002682823419632996
1.1000000483321836e-08,0.0023457531458177527
1.1200000485992123e-08,0.002251179471869591
1.1400000488662409e-08,0.002388998372794049
1.1600000491332695e-08,0.0025353046547138547
1.1800000494002982e-08,0.0024043564907856307
1.2000000496673268e-08,0.001840147735094888
1.2200000499343555e-08,0.0010819416995104802
1.2400000502013841e-08,0.0005278369688141993
1.2600000504684127e-08,0.000610285812769007
1.2800000507354414e-08,0.0012714932084065822
1.30000005100247e-08,0.00203495333698811
1.3200000512694987e-08,0.0023324158328250633
1.3400000515365273e-08,0.0018825846400716273
1.360000051803556e-08,0.0009530143405811486
1.3800000520705846e-08,0.00017823770400582362
1.4000000523376132e-08,-8.567942884951663e-05
1.4200000526046419e-08,-7.840453085350418e-05
1.4400000528716705e-08,-0.000289376572737865
1.4600000531386991e-08,-0.0010754697173069871
1.4800000534057278e-08,-0.002285123589643945
1.5000000536727564e-08,-0.0034972024279795733
1.520000053939785e-08,-0.0043220950285274284
1.5400000542068137e-08,-0.004681798318330266
1.5600000544738423e-08,-0.004848312650238995
1.580000054740871e-08,-0.00520074104204582
1.6000000550078996e-08,-0.005803345092715517
1.6200000552749282e-08,-0.006406353304384993
1.640000055541957e-08,-0.006688053521230586
1.6600000558089855e-08,-0.006538513951312552
1.6800000560760142e-08,-0.006091107724557787
1.7000000563430428e-08,-0.005534982188862614
1.7200000566100714e-08,-0.005048372345129337
1.7400000568771e-08,-0.004658356980343115
1.7600000571441287e-08,-0.004349982137512143
1.7800000574111574e-08,-0.004137393451628668
1.800000057678186e-08,-0.004029886625687595
1.8200000579452146e-08,-0.004171747136609838
1.8400000582122433e-08,-0.004512859020422866
1.860000058479272e-08,-0.004775159509279092
1.8800000587463006e-08,-0.004726660189305676
1.9000000590133292e-08,-0.0043730193144995155
1.920000059280358e-08,-0.004070706886665221
1.9400000595473865e-08,-0.004069494403665885
1.960000059814415e-08,-0.004311991003532967
1.9800000600814438e-08,-0.004586820483382326
2.0000000603484724e-08,-0.004727872672305011
2.020000060615501e-08,-0.004906511834207095
2.0400000608825297e-08,-0.005318756053981133
2.0600000611495583e-08,-0.0059880466696142776
2.080000061416587e-08,-0.00659711729628043
2.1000000616836156e-08,-0.00691397952010675
2.1200000619506442e-08,-0.0067963686691712155
2.140000062217673e-08,-0.006454852624358409
2.1600000624847015e-08,-0.006110507452547154
2.18000006275173e-08,-0.005971880229623139
2.2000000630187588e-08,-0.0060139129736001
2.2200000632857874e-08,-0.005948438891635988
2.240000063552816e-08,-0.005579439898838245
2.2600000638198447e-08,-0.004896407809212633
2.2800000640868733e-08,-0.004116781240639966
2.300000064353902e-08,-0.003499627393978244
2.3200000646209306e-08,-0.0031071870631933507
2.3400000648879593e-08,-0.002836803354341555
2.360000065154988e-08,-0.0025061996565227673
2.3800000654220165e-08,-0.001984427805808764
2.4000000656890452e-08,-0.001324432893170524
2.4200000659560738e-08,-0.0007230413255001622
2.4400000662231025e-08,-0.00041992057566631047
2.460000066490131e-08,-0.00048660714062975785
2.4800000667571597e-08,-0.0007941736614611727
2.5000000670241884e-08,-0.0010815321323036642
