保存した波形 C3
 1 列目は時間,2 列目は信号値
 
-2.52e-08,-7.678788685439031e-05
-2.4999999997329714e-08,-0.00012690385082692046
-2.4799999994659428e-08,-0.00018146558579701377
-2.459999999198914e-08,-0.00023036906677020852
-2.4399999989318855e-08,-0.0002930140217358712
-2.419999998664857e-08,-0.0003164553597230224
-2.3999999983978282e-08,-0.000373846221691565
-2.3799999981307996e-08,-0.0004037541356751717
-2.359999997863771e-08,-0.000452253455648588
-2.3399999975967423e-08,-0.00048781962362909326
-2.3199999973297137e-08,-0.0005209608256109277
-2.299999997062685e-08,-0.0005553145105920976
-2.2799999967956564e-08,-0.0005900723565730459
-2.2599999965286278e-08,-0.0006207885925562096
-2.239999996261599e-08,-0.0006292759735515574
-2.2199999959945705e-08,-0.0006648421415320627
-2.199999995727542e-08,-0.0006878793185194354
-2.1799999954605132e-08,-0.0007088956905079158
-2.1599999951934846e-08,-0.0007202121985017129
-2.139999994926456e-08,-0.0007274870964977254
-2.1199999946594273e-08,-0.0007351661554935163
-2.0999999943923986e-08,-0.0007493117904857627
-2.07999999412537e-08,-0.0007545658834828828
-2.0599999938583414e-08,-0.0007497159514855412
-2.0399999935913127e-08,-0.0007440576974886426
-2.019999993324284e-08,-0.0007206163595014914
-1.9999999930572554e-08,-0.0007218288425008268
-1.9799999927902268e-08,-0.0006616088535338349
-1.9599999925231982e-08,-0.0006466548965420316
-1.9399999922561695e-08,-0.0005989638985681722
-1.919999991989141e-08,-0.000556526993591433
-1.8999999917221123e-08,-0.0005068151906186813
-1.8799999914550836e-08,-0.00045508258264703727
-1.859999991188055e-08,-0.00039647923767915927
-1.8399999909210263e-08,-0.0003427258247086229
-1.8199999906539977e-08,-0.0002748267767458401
-1.799999990386969e-08,-0.00018914464479280468
-1.7799999901199404e-08,-0.0001054833178386616
-1.7599999898529118e-08,-2.3438634883632403e-05
-1.739999989585883e-08,5.901020907117527e-05
-1.7199999893188545e-08,0.00014307569702509682
-1.699999989051826e-08,0.0002461367519686064
-1.6799999887847972e-08,0.0003427312309156605
-1.6599999885177686e-08,0.0004453881248593916
-1.63999998825074e-08,0.0005435992478055596
-1.6199999879837113e-08,0.0006769723777324543
-1.5999999877166827e-08,0.0007905416186702041
-1.579999987449654e-08,0.0008996650886103907
-1.5599999871826254e-08,0.001025763320541273
-1.5399999869155967e-08,0.001130036858484118
-1.519999986648568e-08,0.001268664081408133
-1.4999999863815395e-08,0.0013882957373425597
-1.4799999861145108e-08,0.001482465250290943
-1.4599999858474822e-08,0.0015742097972406555
-1.4399999855804535e-08,0.0016756542081850512
-1.4199999853134249e-08,0.0017568905691405234
-1.3999999850463963e-08,0.0018300437101004263
-1.3799999847793676e-08,0.0018862220890696335
-1.359999984512339e-08,0.0019310839600450436
-1.3399999842453104e-08,0.0019662459670257704
-1.3199999839782817e-08,0.001981604085017352
-1.299999983711253e-08,0.001993324754010928
-1.2799999834442244e-08,0.0019876665000140292
-1.2599999831771958e-08,0.0019496753660348531
-1.2399999829101672e-08,0.0019230007400494742
-1.2199999826431385e-08,0.0018862220890696335
-1.1999999823761099e-08,0.0018441893450926727
-1.1799999821090812e-08,0.0017912442541216933
-1.1599999818420526e-08,0.0017407241291493847
-1.139999981575024e-08,0.0016792916571830574
-1.1199999813079953e-08,0.0016259424052122995
-1.0999999810409667e-08,0.0015467268492557196
-1.079999980773938e-08,0.001474786191295152
-1.0599999805069094e-08,0.0014012288893354707
-1.0399999802398808e-08,0.001327267426376011
-1.0199999799728521e-08,0.0012355228794262985
-9.999999797058235e-09,0.0011534781964712693
-9.799999794387948e-09,0.0010613294885217783
-9.599999791717662e-09,0.0009728182295702936
-9.399999789047376e-09,0.0008758195896234611
-9.19999978637709e-09,0.000759421221687262
-8.999999783706803e-09,0.0006628267427402079
-8.799999781036517e-09,0.0005460242138042304
-8.59999977836623e-09,0.0004324549728664806
-8.399999775695944e-09,0.0003346480109200911
-8.199999773025657e-09,0.00021380387198632889
-7.999999770355371e-09,0.00011882603703838868
-7.799999767685085e-09,1.4148338095765212e-05
-7.599999765014798e-09,-0.00010750412283755395
-7.399999762344512e-09,-0.0002137984657792913
-7.199999759674225e-09,-0.0003334301217137181
-6.999999757003939e-09,-0.000458315870645265
-6.799999754333653e-09,-0.0005613769255887746
-6.599999751663366e-09,-0.0006749461665265244
-6.39999974899308e-09,-0.0007974069494594005
-6.1999997463227934e-09,-0.0008927889454071192
-5.999999743652507e-09,-0.001005549864345312
-5.799999740982221e-09,-0.001116694139284391
-5.599999738311934e-09,-0.001247642303212615
-5.399999735641648e-09,-0.001363232349149257
-5.1999997329713615e-09,-0.0014610393110956466
-4.999999730301075e-09,-0.0015309591640573217
-4.799999727630789e-09,-0.0015944124410225413
-4.599999724960502e-09,-0.0016748404799784566
-4.399999722290216e-09,-0.0017843681109184217
-4.1999997196199295e-09,-0.0019092538598499686
-3.999999716949643e-09,-0.001975132102813859
-3.799999714279357e-09,-0.0020106982707943644
-3.5999997116090703e-09,-0.0020684932937626854
-3.399999708938784e-09,-0.002224095278677396
-3.1999997062684975e-09,-0.002443150540557326
-2.999999703598211e-09,-0.002649676811444124
-2.7999997009279248e-09,-0.002756779476385418
-2.5999996982576384e-09,-0.002724850757402919
-2.399999695587352e-09,-0.0025720778994866578
-2.1999996929170656e-09,-0.0024193050415703965
-1.999999690246779e-09,-0.0023376645196151458
-1.7999996875764928e-09,-0.002391417932585682
-1.5999996849062064e-09,-0.002438704769559763
-1.39999968223592e-09,-0.002415263431572612
-1.1999996795656336e-09,-0.0023243272066224563
-9.999996768953472e-10,-0.002208737160685814
-7.999996742250608e-10,-0.0021444755617210376
-5.999996715547744e-10,-0.0021727668317055304
-3.9999966888448805e-10,-0.002249961582663218
-1.9999966621420166e-10,-0.00228108197964616
3.3645608473285843e-16,-0.002277444530648154
2.0000033912637112e-10,-0.0022661280226543568
4.000003417966575e-10,-0.0022123746096838204
6.000003444669439e-10,-0.0021590253577130625
8.000003471372303e-10,-0.00210688858874164
1.0000003498075167e-09,-0.0021048677837427476
1.200000352477803e-09,-0.002086276377752938
1.4000003551480895e-09,-0.002079405640756704
1.6000003578183759e-09,-0.002021610617788383
1.8000003604886623e-09,-0.0019270369438402213
2.0000003631589487e-09,-0.0018344840748909519
2.200000365829235e-09,-0.0017645642219292768
2.4000003684995214e-09,-0.001695856851966937
2.600000371169808e-09,-0.0016566532349884255
2.8000003738400942e-09,-0.001603708144017446
3.0000003765103806e-09,-0.0015697586200360547
3.200000379180667e-09,-0.001507921987069949
3.4000003818509534e-09,-0.0014000110001290977
3.6000003845212398e-09,-0.001293312496187582
3.800000387191526e-09,-0.0011987388222394202
4.0000003898618126e-09,-0.0011086109192888216
4.200000392532099e-09,-0.0010609199213149623
4.400000395202385e-09,-0.0009954458393508503
4.600000397872672e-09,-0.0009380549773823077
4.800000400542958e-09,-0.0008746017004170881
5.0000004032132445e-09,-0.0008091276184529761
5.200000405883531e-09,-0.0007553742054824397
5.400000408553817e-09,-0.0007416327314899718
5.600000411224104e-09,-0.0006911126065176632
5.80000041389439e-09,-0.0006466548965420316
6.0000004165646765e-09,-0.000576330882580578
6.200000419234963e-09,-0.0005524853835936483
6.400000421905249e-09,-0.0005233857916095985
6.600000424575536e-09,-0.0005314690116051679
6.800000427245822e-09,-0.0005027735806208966
7.0000004299161085e-09,-0.00044740352365124636
7.200000432586395e-09,-0.0003475757567059645
7.400000435256681e-09,-0.0002473438287609042
7.600000437926968e-09,-0.0001968237037885956
7.800000440597254e-09,-0.0001992486697872664
8.00000044326754e-09,-0.00014307029081805922
8.200000445937827e-09,-5.334654886723911e-05
8.400000448608113e-09,0.00010063879204835757
8.6000004512784e-09,0.000244924268969271
8.800000453948686e-09,0.0004065886688806586
9.000000456618972e-09,0.0005201579098184084
9.200000459289259e-09,0.0006244314477612534
9.400000461959545e-09,0.0007299174687034338
9.600000464629832e-09,0.0008855194536181443
9.800000467300118e-09,0.001046375531529975
1.0000000469970404e-08,0.001234310396426963
1.020000047264069e-08,0.0014064829823325908
1.0400000475310977e-08,0.001541068595258821
1.0600000477981264e-08,0.001658275285194577
1.080000048065155e-08,0.0017451699001469478
1.1000000483321836e-08,0.0018260021001026416
1.1200000485992123e-08,0.001885009606070298
1.1400000488662409e-08,0.001958971069029758
1.1600000491332695e-08,0.001996962203008934
1.1800000494002982e-08,0.0020474823279812426
1.2000000496673268e-08,0.0020664778949708307
1.2200000499343555e-08,0.0020931525209562096
1.2400000502013841e-08,0.002068498699969723
1.2600000504684127e-08,0.0020826443349619694
1.2800000507354414e-08,0.0020992149359528867
1.30000005100247e-08,0.0021230604349398163
1.3200000512694987e-08,0.0021541808319227584
1.3400000515365273e-08,0.0021541808319227584
1.360000051803556e-08,0.0021566057979214293
1.3800000520705846e-08,0.002141651840929626
1.4000000523376132e-08,0.0021517558659240876
1.4200000526046419e-08,0.00214852257792586
1.4400000528716705e-08,0.002138418552931398
1.4600000531386991e-08,0.0021335686209340565
1.4800000534057278e-08,0.0020939608429557666
1.5000000536727564e-08,0.0021250812399387087
1.520000053939785e-08,0.002139226874930955
1.5400000542068137e-08,0.002169134788914562
1.5600000544738423e-08,0.0021368019089322843
1.580000054740871e-08,0.002070115343968837
1.6000000550078996e-08,0.001965033484026435
1.6200000552749282e-08,0.0018906678600671967
1.640000055541957e-08,0.001854697531086913
1.6600000558089855e-08,0.0018086231771121675
1.6800000560760142e-08,0.001722132723159575
1.7000000563430428e-08,0.0016219007952145148
1.7200000566100714e-08,0.0014727653862962597
1.7400000568771e-08,0.0013050385713881951
1.7600000571441287e-08,0.0011518615524721554
1.7800000574111574e-08,0.0010245508375419377
1.800000057678186e-08,0.0009396770275884592
1.8200000579452146e-08,0.000844699192640519
1.8400000582122433e-08,0.0007658877976837175
1.860000058479272e-08,0.0006599976157417586
1.8800000587463006e-08,0.0005399617988075534
1.9000000590133292e-08,0.00041871349887401266
1.920000059280358e-08,0.00031039835093338297
1.9400000595473865e-08,0.00026917392895597914
1.960000059814415e-08,0.00025583661596328966
1.9800000600814438e-08,0.00024937003996683416
2.0000000603484724e-08,0.0002174413209843351
2.020000060615501e-08,0.0001499464340213308
2.0400000608825297e-08,7.840993706054178e-05
2.0600000611495583e-08,3.071893908668244e-05
2.080000061416587e-08,-1.252628788961374e-05
2.1000000616836156e-08,-2.7480244881417093e-05
2.1200000619506442e-08,-7.03213108579348e-05
2.140000062217673e-08,-9.982506384176304e-05
2.1600000624847015e-08,-0.00016125753580809032
2.18000006275173e-08,-0.00024128141376422718
2.2000000630187588e-08,-0.000315242876723687
2.2200000632857874e-08,-0.00036778380669488797
2.240000063552816e-08,-0.000406583262673621
2.2600000638198447e-08,-0.0004381078206563416
2.2800000640868733e-08,-0.0004700365396388406
2.300000064353902e-08,-0.0005205566646111492
2.3200000646209306e-08,-0.0005759267215807995
2.3400000648879593e-08,-0.0006159386605588679
2.360000065154988e-08,-0.0006656504635316196
2.3800000654220165e-08,-0.0006749461665265244
2.4000000656890452e-08,-0.0007028332755112388
2.4200000659560738e-08,-0.0006919209285172201
2.4400000662231025e-08,-0.000679796098523866
2.460000066490131e-08,-0.0006527173115387086
2.4800000667571597e-08,-0.0006021971865664
2.5000000670241884e-08,-0.0005561228325916545
