保存した波形 C3
 1 列目は時間,2 列目は信号値
 
-2.52e-08,0.0004352840998649299
-2.4999999997329714e-08,0.0004142677278764495
-2.4799999994659428e-08,0.00036415176390391935
-2.459999999198914e-08,0.0003285855959234141
-2.4399999989318855e-08,0.00028695701294623177
-2.419999998664857e-08,0.00024249930297060018
-2.3999999983978282e-08,0.0001693461620106973
-2.3799999981307996e-08,0.00013054670603196428
-2.359999997863771e-08,5.375611607405517e-05
-2.3399999975967423e-08,6.87344009975277e-06
-2.3199999973297137e-08,-4.930493886945442e-05
-2.299999997062685e-08,-0.00010022922484154151
-2.2799999967956564e-08,-0.00015357847681229941
-2.2599999965286278e-08,-0.00018712383979391234
-2.239999996261599e-08,-0.00021945671977618986
-2.2199999959945705e-08,-0.00024168557476400565
-2.199999995727542e-08,-0.0002699768447484985
-2.1799999954605132e-08,-0.00026957268374872
-2.1599999951934846e-08,-0.00028573912373985877
-2.139999994926456e-08,-0.0002998847587321052
-2.1199999946594273e-08,-0.0002837183187409664
-2.0999999943923986e-08,-0.0002829099967414095
-2.07999999412537e-08,-0.0002865474457394157
-2.0599999938583414e-08,-0.00027280597174694776
-2.0399999935913127e-08,-0.0002736142937465047
-2.019999993324284e-08,-0.00026795603974960613
-1.9999999930572554e-08,-0.00025987281975403675
-1.9799999927902268e-08,-0.000263510268752043
-1.9599999925231982e-08,-0.0002578520147551444
-1.9399999922561695e-08,-0.00025219376075824584
-1.919999991989141e-08,-0.00025987281975403675
-1.8999999917221123e-08,-0.00025987281975403675
-1.8799999914550836e-08,-0.00026512691275115685
-1.859999991188055e-08,-0.00027280597174694776
-1.8399999909210263e-08,-0.0002760392597451755
-1.8199999906539977e-08,-0.00025704369275558747
-1.799999990386969e-08,-0.0002291565837708731
-1.7799999901199404e-08,-0.00019439873778992478
-1.7599999898529118e-08,-0.00015923673080919798
-1.739999989585883e-08,-9.335848784530754e-05
-1.7199999893188545e-08,-3.0309371879866376e-05
-1.699999989051826e-08,5.2139472074941295e-05
-1.6799999887847972e-08,0.00014671314602310304
-1.6599999885177686e-08,0.0002396701759721509
-1.63999998825074e-08,0.00032090653692762316
-1.6199999879837113e-08,0.0003944638388873045
-1.5999999877166827e-08,0.00046802114084698587
-1.579999987449654e-08,0.0005431950868057811
-1.5599999871826254e-08,0.0005884611187809696
-1.5399999869155967e-08,0.0006220064817625826
-1.519999986648568e-08,0.0006575726497430878
-1.4999999863815395e-08,0.0006664641917382141
-1.4799999861145108e-08,0.0006628267427402079
-1.4599999858474822e-08,0.0006575726497430878
-1.4399999855804535e-08,0.0006515102347464108
-1.4199999853134249e-08,0.0006438311757506199
-1.3999999850463963e-08,0.0006183690327645763
-1.3799999847793676e-08,0.0005973526607760959
-1.359999984512339e-08,0.0005876527967814127
-1.3399999842453104e-08,0.0005698697127911601
-1.3199999839782817e-08,0.0005343035448106548
-1.299999983711253e-08,0.0005262203248150854
-1.2799999834442244e-08,0.0005128830118223959
-1.2599999831771958e-08,0.00048782502983613085
-1.2399999829101672e-08,0.00047206275084477056
-1.2199999826431385e-08,0.0004611504038507519
-1.1999999823761099e-08,0.00042922168486825285
-1.1799999821090812e-08,0.0004037595418822093
-1.1599999818420526e-08,0.0003637476029041409
-1.139999981575024e-08,0.00033909378191765427
-1.1199999813079953e-08,0.00030150680893825665
-1.0999999810409667e-08,0.0002732155389537638
-1.079999980773938e-08,0.00021946212598322745
-1.0599999805069094e-08,0.00018187515300382984
-1.0399999802398808e-08,0.0001265050960341796
-1.0199999799728521e-08,9.295973305256666e-05
-9.999999797058235e-09,3.152726108623938e-05
-9.799999794387948e-09,1.2127533096872867e-05
-9.599999791717662e-09,-5.253822686768217e-05
-9.399999789047376e-09,-9.740009784309223e-05
-9.19999978637709e-09,-0.0001446869348171731
-8.999999783706803e-09,-0.00018671967879413387
-8.799999781036517e-09,-0.0002279441007715377
-8.59999977836623e-09,-0.0002772517427445109
-8.399999775695944e-09,-0.0003164553597230224
-8.199999773025657e-09,-0.00034191750270906596
-7.999999770355371e-09,-0.00039405427168048845
-7.799999767685085e-09,-0.0004401286256552339
-7.599999765014798e-09,-0.0004797364036335239
-7.399999762344512e-09,-0.0005278315626071617
-7.199999759674225e-09,-0.0005545061885925406
-6.999999757003939e-09,-0.0005864349075750397
-6.799999754333653e-09,-0.0006551422775373794
-6.599999751663366e-09,-0.0007198080375019345
-6.39999974899308e-09,-0.0007905362124631665
-6.1999997463227934e-09,-0.0008968305554049039
-5.999999743652507e-09,-0.0009679628913659144
-5.799999740982221e-09,-0.0010273745583333493
-5.599999738311934e-09,-0.0010544533453185068
-5.399999735641648e-09,-0.0011179066222837264
-5.1999997329713615e-09,-0.0011571102392622379
-4.999999730301075e-09,-0.0011664059422571427
-4.799999727630789e-09,-0.0011567060782624594
-4.599999724960502e-09,-0.0011498353412662254
-4.399999722290216e-09,-0.001174489162252712
-4.1999997196199295e-09,-0.0011635768152586934
-3.999999716949643e-09,-0.001135689706273979
-3.799999714279357e-09,-0.0010956777672959106
-3.5999997116090703e-09,-0.0010952736062961321
-3.399999708938784e-09,-0.0011041651482912584
-3.1999997062684975e-09,-0.0011324564182757513
-2.999999703598211e-09,-0.001175297484252269
-2.7999997009279248e-09,-0.0011655976202575857
-2.5999996982576384e-09,-0.001154685273263567
-2.399999695587352e-09,-0.001110631724287714
-2.1999996929170656e-09,-0.0011191191052830618
-1.999999690246779e-09,-0.0011255856812795173
-1.7999996875764928e-09,-0.001175297484252269
-1.5999996849062064e-09,-0.0011429646042699915
-1.39999968223592e-09,-0.0010803196493043288
-1.1999996795656336e-09,-0.001005549864345312
-9.999996768953472e-10,-0.000992616712352401
-7.999996742250608e-10,-0.000992616712352401
-5.999996715547744e-10,-0.000997870805349521
-3.9999966888448805e-10,-0.0009235051813902828
-1.9999966621420166e-10,-0.0008394396934363613
3.3645608473285843e-16,-0.0007565866884817751
2.0000033912637112e-10,-0.0007286995794970608
4.000003417966575e-10,-0.0007181913935028206
6.000003444669439e-10,-0.0006595880485349426
8.000003471372303e-10,-0.0005589519595901038
1.0000003498075167e-09,-0.0004700365396388406
1.200000352477803e-09,-0.0004041582966749502
1.4000003551480895e-09,-0.00035767978170042625
1.6000003578183759e-09,-0.000347979917705743
1.8000003604886623e-09,-0.00030554301272900375
2.0000003631589487e-09,-0.00027159348874761235
2.200000365829235e-09,-0.00022066920277552526
2.4000003684995214e-09,-0.00021218182178017742
2.600000371169808e-09,-0.00016651162880521042
2.8000003738400942e-09,-0.00013377458782315443
3.0000003765103806e-09,-0.00010629163983821854
3.200000379180667e-09,-0.00013660371482160372
3.4000003818509534e-09,-0.00017419068780100133
3.6000003845212398e-09,-0.00017742397579922908
3.800000387191526e-09,-0.0001745948488007798
4.0000003898618126e-09,-0.00012488304582802812
4.200000392532099e-09,-9.335848784530754e-05
4.400000395202385e-09,-0.00010265419084021232
4.600000397872672e-09,-0.00011437485983378792
4.800000400542958e-09,-0.000126499689827142
5.0000004032132445e-09,-0.00011033324983600323
5.200000405883531e-09,-0.00012407472382847118
5.400000408553817e-09,-0.00014024116381960994
5.600000411224104e-09,-0.00017095739980277358
5.80000041389439e-09,-0.00021541510977840517
6.0000004165646765e-09,-0.0002513854387586889
6.200000419234963e-09,-0.0002683602007493846
6.400000421905249e-09,-0.0003059471737287822
6.600000424575536e-09,-0.00034959656170485687
6.800000427245822e-09,-0.0003698046116937803
7.0000004299161085e-09,-0.0003827377636866913
7.200000432586395e-09,-0.0003989042036778301
7.400000435256681e-09,-0.0004247705076636521
7.600000437926968e-09,-0.0004680157346399483
7.800000440597254e-09,-0.0004898404286279856
8.00000044326754e-09,-0.0005532937055932052
8.200000445937827e-09,-0.0005439980025983004
8.400000448608113e-09,-0.0005144942496144722
8.6000004512784e-09,-0.000530660689605611
8.800000453948686e-09,-0.0005148984106142507
9.000000456618972e-09,-0.0005338939776038387
9.200000459289259e-09,-0.000516919215613143
9.400000461959545e-09,-0.0004575075486457081
9.600000464629832e-09,-0.00040860406767251334
9.800000467300118e-09,-0.0003685921286944449
1.0000000469970404e-08,-0.0003245385797185918
1.020000047264069e-08,-0.00027684758174473245
1.0400000475310977e-08,-0.00018671967879413387
1.0600000477981264e-08,-5.132574386834676e-05
1.080000048065155e-08,7.67932930614279e-05
1.1000000483321836e-08,0.00017217528900914658
1.1200000485992123e-08,0.000257857420962182
1.1400000488662409e-08,0.0003176732489293954
1.1600000491332695e-08,0.0004235634308713543
1.1800000494002982e-08,0.0005080330798250543
1.2000000496673268e-08,0.00060947749076945
1.2200000499343555e-08,0.0006777806997320113
1.2400000502013841e-08,0.0007424464596965663
1.2600000504684127e-08,0.0008002414826648874
1.2800000507354414e-08,0.0008649072426294424
1.30000005100247e-08,0.0009328062905922252
1.3200000512694987e-08,0.0009813056105656415
1.3400000515365273e-08,0.0009950470845581094
1.360000051803556e-08,0.0010063635925519065
1.3800000520705846e-08,0.0010217217105434884
1.4000000523376132e-08,0.001018892583545039
1.4200000526046419e-08,0.0010310174135383932
1.4400000528716705e-08,0.0010229341935428238
1.4600000531386991e-08,0.0010112135245492482
1.4800000534057278e-08,0.0010350590235361778
1.5000000536727564e-08,0.0010617336495215568
1.520000053939785e-08,0.0010625419715211137
1.5400000542068137e-08,0.0010682002255180123
1.5600000544738423e-08,0.0010641586155202276
1.580000054740871e-08,0.0010281882865399439
1.6000000550078996e-08,0.001012830168548362
1.6200000552749282e-08,0.0010176801005457037
1.640000055541957e-08,0.0010023219825541219
1.6600000558089855e-08,0.001008384397550799
1.6800000560760142e-08,0.0009728182295702936
1.7000000563430428e-08,0.0009639266875751673
1.7200000566100714e-08,0.00094210199358713
1.7400000568771e-08,0.0009255313925962128
1.7600000571441287e-08,0.0008693530136270056
1.7800000574111574e-08,0.0007998373216651089
1.800000057678186e-08,0.0007323424347021046
1.8200000579452146e-08,0.0006660600307384357
1.8400000582122433e-08,0.0006268564137599242
1.860000058479272e-08,0.0006106899737687854
1.8800000587463006e-08,0.0005427909258060026
1.9000000590133292e-08,0.0005132871728221744
1.920000059280358e-08,0.0004959082498317002
1.9400000595473865e-08,0.0004910583178343586
1.960000059814415e-08,0.0004769126828421122
1.9800000600814438e-08,0.00047852932684122607
2.0000000603484724e-08,0.000486208385837017
2.020000060615501e-08,0.0004946957668323648
2.0400000608825297e-08,0.0005128830118223959
2.0600000611495583e-08,0.000557744882797806
2.080000061416587e-08,0.0005771446107871725
2.1000000616836156e-08,0.0006054358807716653
2.1200000619506442e-08,0.0006426186927512845
2.140000062217673e-08,0.0006648475477391003
2.1600000624847015e-08,0.0006943513007229285
2.18000006275173e-08,0.0007117302237134027
2.2000000630187588e-08,0.0007254716977058706
2.2200000632857874e-08,0.0007299174687034338
2.240000063552816e-08,0.0007295133077036553
2.2600000638198447e-08,0.0007367882056996677
2.2800000640868733e-08,0.0007295133077036553
2.300000064353902e-08,0.0007307257907029907
2.3200000646209306e-08,0.0007347674007007754
2.3400000648879593e-08,0.0007299174687034338
2.360000065154988e-08,0.0007355757227003323
2.3800000654220165e-08,0.0007169843167105228
2.4000000656890452e-08,0.0007072844527158395
2.4200000659560738e-08,0.0006846514367282452
2.4400000662231025e-08,0.0006992012327202701
2.460000066490131e-08,0.0007149635117116304
2.4800000667571597e-08,0.0007238550537067567
2.5000000670241884e-08,0.0007553796116894773
