保存した波形 C3
 1 列目は時間,2 列目は信号値
 
-2.52e-08,-0.00032655938471748414
-2.4999999997329714e-08,-0.00036535884069621716
-2.4799999994659428e-08,-0.0004077957456729564
-2.459999999198914e-08,-0.00043083292266032913
-2.4399999989318855e-08,-0.00046316580264260665
-2.419999998664857e-08,-0.0005007527756220043
-2.3999999983978282e-08,-0.0005355106216029526
-2.3799999981307996e-08,-0.0005492520955954205
-2.359999997863771e-08,-0.0005722892725827933
-2.3399999975967423e-08,-0.0005811808145779196
-2.3199999973297137e-08,-0.0005969430935692799
-2.299999997062685e-08,-0.0005937098055710521
-2.2799999967956564e-08,-0.0005860307465752612
-2.2599999965286278e-08,-0.0005860307465752612
-2.239999996261599e-08,-0.0005795641705788057
-2.2199999959945705e-08,-0.0005407647146000727
-2.199999995727542e-08,-0.000497923648623555
-2.1799999954605132e-08,-0.00045791170964548655
-2.1599999951934846e-08,-0.0004090082286722918
-2.139999994926456e-08,-0.00036010474769909706
-2.1199999946594273e-08,-0.00030433052972966834
-2.0999999943923986e-08,-0.0002501729557593535
-2.07999999412537e-08,-0.00019237793279103244
-2.0599999938583414e-08,-0.00013134962182448362
-2.0399999935913127e-08,-6.668386185992858e-05
-2.019999993324284e-08,1.2151861028542044e-06
-1.9999999930572554e-08,5.416027707383364e-05
-1.9799999927902268e-08,0.0001172093930392748
-1.9599999925231982e-08,0.00017500441600759586
-1.9399999922561695e-08,0.00022350373598101214
-1.919999991989141e-08,0.0002958485549413581
-1.8999999917221123e-08,0.0003544518999092361
-1.8799999914550836e-08,0.0004118427618777787
-1.859999991188055e-08,0.0004845917418379031
-1.8399999909210263e-08,0.0005589573657971414
-1.8199999906539977e-08,0.0006123066177678993
-1.799999990386969e-08,0.000668889157736885
-1.7799999901199404e-08,0.0007416381376970094
-1.7599999898529118e-08,0.000805091414662229
-1.739999989585883e-08,0.0008685446916274486
-1.7199999893188545e-08,0.0009324021295924467
-1.699999989051826e-08,0.000986155542562983
-1.6799999887847972e-08,0.0010451630485306396
-1.6599999885177686e-08,0.0010960873345027267
-1.63999998825074e-08,0.0011494365864734846
-1.6199999879837113e-08,0.0011987442284464578
-1.5999999877166827e-08,0.0012569434124145573
-1.579999987449654e-08,0.0012925095803950626
-1.5599999871826254e-08,0.0013458588323658205
-1.5399999869155967e-08,0.001384254127344775
-1.519999986648568e-08,0.0014279035153208497
-1.4999999863815395e-08,0.0014384117013150899
-1.4799999861145108e-08,0.0014545781413062286
-1.4599999858474822e-08,0.0014570031073048995
-1.4399999855804535e-08,0.001444474116311767
-1.4199999853134249e-08,0.0014380075403153114
-1.3999999850463963e-08,0.0014173953293266095
-1.3799999847793676e-08,0.0013838499663449966
-1.359999984512339e-08,0.0013418172223680358
-1.3399999842453104e-08,0.0013001886393908535
-1.3199999839782817e-08,0.001242797777422311
-1.299999983711253e-08,0.0011850027544539898
-1.2799999834442244e-08,0.0011094246474954161
-1.2599999831771958e-08,0.0010310174135383932
-1.2399999829101672e-08,0.0009501852135826994
-1.2199999826431385e-08,0.0008511657686369745
-1.1999999823761099e-08,0.000759421221687262
-1.1799999821090812e-08,0.0006595934547419802
-1.1599999818420526e-08,0.0005634031367947046
-1.139999981575024e-08,0.00045023805685673324
-1.1199999813079953e-08,0.0003520269339105653
-1.0999999810409667e-08,0.00023401192197525233
-1.079999980773938e-08,0.000140650731026426
-1.0599999805069094e-08,2.9910617087125502e-05
-1.0399999802398808e-08,-6.749218385948552e-05
-1.0199999799728521e-08,-0.0001956112207892602
-9.999999797058235e-09,-0.0003124137497252377
-9.799999794387948e-09,-0.00041911225366675353
-9.599999791717662e-09,-0.0005148984106142507
-9.399999789047376e-09,-0.0006187677875573172
-9.19999978637709e-09,-0.000706470724509245
-8.999999783706803e-09,-0.0008131692284507608
-8.799999781036517e-09,-0.0009109761903971503
-8.59999977836623e-09,-0.0010035290593464197
-8.399999775695944e-09,-0.0011207357492821757
-8.199999773025657e-09,-0.0012128844572316666
-7.999999770355371e-09,-0.001337366045163435
-7.799999767685085e-09,-0.0014198148891182427
-7.599999765014798e-09,-0.0015188343340639676
-7.399999762344512e-09,-0.0015972415680209906
-7.199999759674225e-09,-0.001670798869980672
-6.999999757003939e-09,-0.0017471852989388026
-6.799999754333653e-09,-0.0018053844829069021
-6.599999751663366e-09,-0.0018672211158730079
-6.39999974899308e-09,-0.001925016138841329
-6.1999997463227934e-09,-0.001969069687817182
-5.999999743652507e-09,-0.001988873576806327
-5.799999740982221e-09,-0.002011102431794143
-5.599999738311934e-09,-0.0020385853797790787
-5.399999735641648e-09,-0.0020660683277640146
-5.1999997329713615e-09,-0.0020660683277640146
-4.999999730301075e-09,-0.0020442436337759773
-4.799999727630789e-09,-0.0020135273977928136
-4.599999724960502e-09,-0.002006252499796801
-4.399999722290216e-09,-0.002065664166764236
-4.1999997196199295e-09,-0.002098401207746292
-3.999999716949643e-09,-0.00210163449574452
-3.799999714279357e-09,-0.00210688858874164
-3.5999997116090703e-09,-0.002143263078721702
-3.399999708938784e-09,-0.00227057379365192
-3.1999997062684975e-09,-0.002433450676562643
-2.999999703598211e-09,-0.0025373200535057094
-2.7999997009279248e-09,-0.0025433824685023865
-2.5999996982576384e-09,-0.0024484046335544463
-2.399999695587352e-09,-0.002291186004640622
-2.1999996929170656e-09,-0.0021436672397214807
-1.999999690246779e-09,-0.0020486894047735404
-1.7999996875764928e-09,-0.00202241893978794
-1.5999996849062064e-09,-0.0019892777378061055
-1.39999968223592e-09,-0.0019201662068439873
-1.1999996795656336e-09,-0.0018413548118871859
-9.999996768953472e-10,-0.0017213189949529806
-7.999996742250608e-10,-0.0015936041190229844
-5.999996715547744e-10,-0.001473568302088779
-3.9999966888448805e-10,-0.0013927361021330853
-1.9999966621420166e-10,-0.0013066498091802714
3.3645608473285843e-16,-0.00123309250722059
2.0000033912637112e-10,-0.0011344772232746436
4.000003417966575e-10,-0.0010196954993375584
6.000003444669439e-10,-0.0008576269384263924
8.000003471372303e-10,-0.0007072790465088019
1.0000003498075167e-09,-0.0005985597375683938
1.200000352477803e-09,-0.0005056027076193459
1.4000003551480895e-09,-0.0004142623216694119
1.6000003578183759e-09,-0.0003168595207228009
1.8000003604886623e-09,-0.00021258598277995588
2.0000003631589487e-09,-0.00010346251283976926
2.200000365829235e-09,-3.6347458944874234e-06
2.4000003684995214e-09,7.881409806032025e-05
2.600000371169808e-09,0.00015560468801822935
2.8000003738400942e-09,0.00020774145698965185
3.0000003765103806e-09,0.0002384576929728155
3.200000379180667e-09,0.0002659406409577514
3.4000003818509534e-09,0.00030393177493692747
3.6000003845212398e-09,0.0003580893489072423
3.800000387191526e-09,0.0004037595418822093
4.0000003898618126e-09,0.00043285913386625907
4.200000392532099e-09,0.000466404496847872
4.400000395202385e-09,0.0004979290548305926
4.600000397872672e-09,0.0004959082498317002
4.800000400542958e-09,0.0005452158918046734
5.0000004032132445e-09,0.0005625948147951476
5.200000405883531e-09,0.0006260480917603672
5.400000408553817e-09,0.000655956005743974
5.600000411224104e-09,0.0007408298156974524
5.80000041389439e-09,0.0008147912786569123
6.0000004165646765e-09,0.0009121940796035233
6.200000419234963e-09,0.0009922179575596601
6.400000421905249e-09,0.0010548629125253228
6.600000424575536e-09,0.0011296326974843396
6.800000427245822e-09,0.0012011691944451286
7.0000004299161085e-09,0.0013018052833899674
7.200000432586395e-09,0.0014485157263095516
7.400000435256681e-09,0.0015632974502466368
7.600000437926968e-09,0.0016542336751967923
7.800000440597254e-09,0.0017184952741615689
8.00000044326754e-09,0.0017673987551347636
8.200000445937827e-09,0.0018260021001026416
8.400000448608113e-09,0.001899559402062323
8.6000004512784e-09,0.001997770525008491
8.800000453948686e-09,0.0020689028609695015
9.000000456618972e-09,0.0021032565459506714
9.200000459289259e-09,0.002113360570945133
9.400000461959545e-09,0.0020984066139533297
9.600000464629832e-09,0.0020980024529535513
9.800000467300118e-09,0.0021000232579524436
1.0000000469970404e-08,0.0021000232579524436
1.020000047264069e-08,0.002082240173962191
1.0400000475310977e-08,0.0020689028609695015
1.0600000477981264e-08,0.0020515239379790273
1.080000048065155e-08,0.00202444515099387
1.1000000483321836e-08,0.001996153881009377
1.1200000485992123e-08,0.001931488121044822
1.1400000488662409e-08,0.0018522725650882421
1.1600000491332695e-08,0.0017908400931219148
1.1800000494002982e-08,0.0017334492311533722
1.2000000496673268e-08,0.0016930331311755253
1.2200000499343555e-08,0.0016469587772007799
1.2400000502013841e-08,0.0015483434932548334
1.2600000504684127e-08,0.0014570031073048995
1.2800000507354414e-08,0.0013814250003463258
1.30000005100247e-08,0.0013397964173691435
1.3200000512694987e-08,0.0013018052833899674
1.3400000515365273e-08,0.0012266313374311721
1.360000051803556e-08,0.0011288243754847826
1.3800000520705846e-08,0.0010629461325208922
1.4000000523376132e-08,0.0009647350095747242
1.4200000526046419e-08,0.0008911777076150429
1.4400000528716705e-08,0.00077841678867685
1.4600000531386991e-08,0.0006854597587278022
1.4800000534057278e-08,0.0005876527967814127
1.5000000536727564e-08,0.0005330910618113194
1.520000053939785e-08,0.0004765085218423337
1.5400000542068137e-08,0.0004393257098627146
1.5600000544738423e-08,0.00035647270490812843
1.580000054740871e-08,0.0002255245409799045
1.6000000550078996e-08,0.00010346791904680686
1.6200000552749282e-08,4.068641032972664e-07
1.640000055541957e-08,-5.73881588650238e-05
1.6600000558089855e-08,-0.0001159915038329018
1.6800000560760142e-08,-0.00014226196881850228
1.7000000563430428e-08,-0.00019237793279103244
1.7200000566100714e-08,-0.0002485563117602396
1.7400000568771e-08,-0.00034353414670817983
1.7600000571441287e-08,-0.0004271954736623229
1.7800000574111574e-08,-0.000504794385619789
1.800000057678186e-08,-0.0005452104855976359
1.8200000579452146e-08,-0.0005516770615940914
1.8400000582122433e-08,-0.0005452104855976359
1.860000058479272e-08,-0.0005698643065841225
1.8800000587463006e-08,-0.0005888598735737105
1.9000000590133292e-08,-0.000634934227548456
1.920000059280358e-08,-0.000679796098523866
1.9400000595473865e-08,-0.0006939417335161124
1.960000059814415e-08,-0.000680604420523423
1.9800000600814438e-08,-0.0006741378445269675
2.0000000603484724e-08,-0.0006810085815232014
2.020000060615501e-08,-0.0006878793185194354
2.0400000608825297e-08,-0.0007084915295081373
2.0600000611495583e-08,-0.0007202121985017129
2.080000061416587e-08,-0.0007141497835050359
2.1000000616836156e-08,-0.0007157664275041498
2.1200000619506442e-08,-0.0007040457585105742
2.140000062217673e-08,-0.0006660546245313981
2.1600000624847015e-08,-0.000660800531534278
2.18000006275173e-08,-0.0006446340915431392
2.2000000630187588e-08,-0.0006418049645446899
2.2200000632857874e-08,-0.0006183636265575387
2.240000063552816e-08,-0.0005844141025761473
2.2600000638198447e-08,-0.0005347022996033957
2.2800000640868733e-08,-0.0004704407006386191
2.300000064353902e-08,-0.0004037541356751717
2.3200000646209306e-08,-0.00034959656170485687
2.3400000648879593e-08,-0.0002752309377456186
2.360000065154988e-08,-0.00021339430477951282
2.3800000654220165e-08,-0.00016610746780543195
2.4000000656890452e-08,-9.78042588428707e-05
2.4200000659560738e-08,-3.960507487477116e-05
2.4400000662231025e-08,4.203544708047957e-05
2.460000066490131e-08,0.00012165516403683796
2.4800000667571597e-08,0.000199254075994304
2.5000000670241884e-08,0.0002667489629573083
