保存した波形 C3
 1 列目は時間,2 列目は信号値
 
-2.52e-08,7.03267170649724e-05
-2.4999999997329714e-08,9.659718205057288e-05
-2.4799999994659428e-08,0.00011155113904237624
-2.459999999198914e-08,0.00011559274904016092
-2.4399999989318855e-08,0.00012933422303262887
-2.419999998664857e-08,0.00014671314602310304
-2.3999999983978282e-08,0.00013701328202841978
-2.3799999981307996e-08,0.00015560468801822935
-2.359999997863771e-08,0.0001523714000200016
-2.3399999975967423e-08,0.0001640920690135772
-2.3199999973297137e-08,0.00017257945000892505
-2.299999997062685e-08,0.0001822793140036083
-2.2799999967956564e-08,0.00018834172900028534
-2.2599999965286278e-08,0.00018834172900028534
-2.239999996261599e-08,0.00020289152499231022
-2.2199999959945705e-08,0.0002255245409799045
-2.199999995727542e-08,0.00023158695597658152
-2.1799999954605132e-08,0.00021339971098655042
-2.1599999951934846e-08,0.00021016642298832267
-2.139999994926456e-08,0.00019480830499674084
-2.1199999946594273e-08,0.00016894200101091883
-2.0999999943923986e-08,0.0001418632140257614
-2.07999999412537e-08,0.00011518858804038246
-2.0599999938583414e-08,8.649315705611116e-05
-2.0399999935913127e-08,5.537276007316905e-05
-2.019999993324284e-08,1.536082109510062e-05
-1.9999999930572554e-08,-2.424695688318934e-05
-1.9799999927902268e-08,-5.73881588650238e-05
-1.9599999925231982e-08,-8.648775084907356e-05
-1.9399999922561695e-08,-0.00010386667383954773
-1.919999991989141e-08,-0.00012043727483046496
-1.8999999917221123e-08,-0.00014387861281761616
-1.8799999914550836e-08,-0.00015317431581252094
-1.859999991188055e-08,-0.0001564076038107487
-1.8399999909210263e-08,-0.00015842840880964104
-1.8199999906539977e-08,-0.00014792022281540085
-1.799999990386969e-08,-0.00013700787582138219
-1.7799999901199404e-08,-0.00011679982583245874
-1.7599999898529118e-08,-0.00010467499583910467
-1.739999989585883e-08,-0.00010669580083799701
-1.7199999893188545e-08,-9.740009784309223e-05
-1.699999989051826e-08,-0.00010467499583910467
-1.6799999887847972e-08,-0.00011922479183112955
-1.6599999885177686e-08,-0.0001212455968300219
-1.63999998825074e-08,-0.00018429471279546306
-1.6199999879837113e-08,-0.0002045027627843865
-1.5999999877166827e-08,-0.00024047309176467024
-1.579999987449654e-08,-0.00028573912373985877
-1.5599999871826254e-08,-0.00033262179971416117
-1.5399999869155967e-08,-0.0003516173667037492
-1.519999986648568e-08,-0.00038758769568403295
-1.4999999863815395e-08,-0.00039001266168270377
-1.4799999861145108e-08,-0.00041264567767029803
-1.4599999858474822e-08,-0.00041264567767029803
-1.4399999855804535e-08,-0.00039809588167827314
-1.4199999853134249e-08,-0.0003698046116937803
-1.3999999850463963e-08,-0.0003285801897163765
-1.3799999847793676e-08,-0.00029382234373542815
-1.359999984512339e-08,-0.00025057711675913197
-1.3399999842453104e-08,-0.00020369444078482957
-1.3199999839782817e-08,-0.0001628741798072042
-1.299999983711253e-08,-0.00013094546082470515
-1.2799999834442244e-08,-8.770023384840897e-05
-1.2599999831771958e-08,-5.617567586568839e-05
-1.2399999829101672e-08,-3.960507487477116e-05
-1.2199999826431385e-08,-2.0181018953735474e-06
-1.1999999823761099e-08,2.0614914092220715e-05
-1.1799999821090812e-08,1.899827009310684e-05
-1.1599999818420526e-08,3.556887108402407e-05
-1.139999981575024e-08,5.496859907339058e-05
-1.1199999813079953e-08,7.113503906452934e-05
-1.0999999810409667e-08,8.85139620550035e-05
-1.079999980773938e-08,0.00011963435903794561
-1.0599999805069094e-08,0.0001382257650277552
-1.0399999802398808e-08,0.00016247542501446333
-1.0199999799728521e-08,0.00019602078799607625
-9.999999797058235e-09,0.00023401192197525233
-9.799999794387948e-09,0.0002473492349679418
-9.599999791717662e-09,0.0002998901649391428
-9.399999789047376e-09,0.0003168649269298385
-9.19999978637709e-09,0.0003370729769187619
-8.999999783706803e-09,0.0003605143149059131
-8.799999781036517e-09,0.00037708491589683035
-8.59999977836623e-09,0.00037304330589904566
-8.399999775695944e-09,0.000375064110897938
-8.199999773025657e-09,0.0003827431698937289
-7.999999770355371e-09,0.00035768518790746384
-7.799999767685085e-09,0.0003415187479163251
-7.599999765014798e-09,0.00033424384992031264
-7.399999762344512e-09,0.00032737311292407867
-7.199999759674225e-09,0.00032616062992474326
-6.999999757003939e-09,0.0003411145869165466
-6.799999754333653e-09,0.0003399021039172112
-6.599999751663366e-09,0.0003306064009223064
-6.39999974899308e-09,0.00029261526694313034
-6.1999997463227934e-09,0.0002566449379628466
-5.999999743652507e-09,0.00023360776097547387
-5.799999740982221e-09,0.00025745325996240354
-5.599999738311934e-09,0.00023643688797392315
-5.399999735641648e-09,0.00024047849797170784
-5.1999997329713615e-09,0.00025704909896262507
-4.999999730301075e-09,0.00029140278394379493
-4.799999727630789e-09,0.0003487936459123375
-4.599999724960502e-09,0.0003839556528930643
-4.399999722290216e-09,0.0003803182038950581
-4.1999997196199295e-09,0.00037708491589683035
-3.999999716949643e-09,0.0003985054488850892
-3.799999714279357e-09,0.0004647878528487581
-3.5999997116090703e-09,0.00046600033584809353
-3.399999708938784e-09,0.0004401340318622715
-3.1999997062684975e-09,0.0003520269339105653
-2.999999703598211e-09,0.0003140357999313892
-2.7999997009279248e-09,0.0002800862759499978
-2.5999996982576384e-09,0.00030797338493471216
-2.399999695587352e-09,0.00033181888392164183
-2.1999996929170656e-09,0.0003176732489293954
-1.999999690246779e-09,0.00027564050495243464
-1.7999996875764928e-09,0.00020814561798943032
-1.5999996849062064e-09,0.00021824964298389204
-1.39999968223592e-09,0.00036536424690325475
-1.1999996795656336e-09,0.0005047997918268265
-9.999996768953472e-10,0.0005423867648062242
-7.999996742250608e-10,0.0005084372408248328
-5.999996715547744e-10,0.0004874208688363524
-3.9999966888448805e-10,0.000557744882797806
-1.9999966621420166e-10,0.0006798015047309036
3.3645608473285843e-16,0.0008196412106542539
2.0000033912637112e-10,0.0008038789316628936
4.000003417966575e-10,0.0007367882056996677
6.000003444669439e-10,0.0007586128996877051
8.000003471372303e-10,0.0008596531496323223
1.0000003498075167e-09,0.0009736265515698506
1.200000352477803e-09,0.0010552670735251013
1.4000003551480895e-09,0.0010552670735251013
1.6000003578183759e-09,0.001053246268526209
1.8000003604886623e-09,0.001044758887530861
2.0000003631589487e-09,0.0011009372665000683
2.200000365829235e-09,0.0011199328334896563
2.4000003684995214e-09,0.0010896207585062712
2.600000371169808e-09,0.0010597128445226645
2.8000003738400942e-09,0.0010540545905257659
3.0000003765103806e-09,0.0010148509735472544
3.200000379180667e-09,0.0009590767555778257
3.4000003818509534e-09,0.0008434867096411836
3.6000003845212398e-09,0.0007513380016916926
3.800000387191526e-09,0.0006927346567238146
4.0000003898618126e-09,0.0006692933187366634
4.200000392532099e-09,0.0006701016407362204
4.400000395202385e-09,0.000602606753773216
4.600000397872672e-09,0.0004845917418379031
4.800000400542958e-09,0.00040860947387955093
5.0000004032132445e-09,0.0003580893489072423
5.200000405883531e-09,0.00029908184293958584
5.400000408553817e-09,0.00021137890598765807
5.600000411224104e-09,8.689731805588963e-05
5.80000041389439e-09,-1.616373688761996e-05
6.0000004165646765e-09,-4.405084587233432e-05
6.200000419234963e-09,-9.861258084242763e-05
6.400000421905249e-09,-0.00013902868082027453
6.600000424575536e-09,-0.00022430665177353148
6.800000427245822e-09,-0.00030554301272900375
7.0000004299161085e-09,-0.0003625297136977679
7.200000432586395e-09,-0.00040981655067184874
7.400000435256681e-09,-0.0004732698276370684
7.600000437926968e-09,-0.0005900723565730459
7.800000440597254e-09,-0.00073152870649551
8.00000044326754e-09,-0.0008705600904193034
8.200000445937827e-09,-0.0009534130953738895
8.400000448608113e-09,-0.0010039332203461981
8.6000004512784e-09,-0.0011114400462872709
8.800000453948686e-09,-0.001253704718209292
9.000000456618972e-09,-0.0014076900591248886
9.200000459289259e-09,-0.0015168135290650753
9.400000461959545e-09,-0.0015701627810358332
9.600000464629832e-09,-0.0016065372710158954
9.800000467300118e-09,-0.0016970693349662724
1.0000000469970404e-08,-0.001806192804906459
1.020000047264069e-08,-0.0019314827148377844
1.0400000475310977e-08,-0.0019254202998411074
1.0600000477981264e-08,-0.0018890458098610452
1.080000048065155e-08,-0.0018502463538823122
1.1000000483321836e-08,-0.0018494380318827552
1.1200000485992123e-08,-0.001910466342849304
1.1400000488662409e-08,-0.0019945318308032256
1.1600000491332695e-08,-0.0020531351757711036
1.1800000494002982e-08,-0.0020943595977485074
1.2000000496673268e-08,-0.0021036553007434122
1.2200000499343555e-08,-0.0021436672397214807
1.2400000502013841e-08,-0.0022107579656847065
1.2600000504684127e-08,-0.0022798694966468247
1.2800000507354414e-08,-0.002332814587617804
1.30000005100247e-08,-0.0023453435786109367
1.3200000512694987e-08,-0.0023384728416147027
1.3400000515365273e-08,-0.0023570642476045123
1.360000051803556e-08,-0.002374847331594765
1.3800000520705846e-08,-0.0023796972635921065
1.4000000523376132e-08,-0.0023477685446096075
1.4200000526046419e-08,-0.0023097774106304314
1.4400000528716705e-08,-0.002243899167666541
1.4600000531386991e-08,-0.00218610414469822
1.4800000534057278e-08,-0.002107696910741197
1.5000000536727564e-08,-0.0020082733047956935
1.520000053939785e-08,-0.0018583295738778816
1.5400000542068137e-08,-0.0017467811379390241
1.5600000544738423e-08,-0.0016421034389964007
1.580000054740871e-08,-0.001558037951042479
1.6000000550078996e-08,-0.0014440645491049509
1.6200000552749282e-08,-0.0013308994691669795
1.640000055541957e-08,-0.001189038958244737
1.6600000558089855e-08,-0.001122756554281068
1.6800000560760142e-08,-0.0010403077103262603
1.7000000563430428e-08,-0.00098493765335661
1.7200000566100714e-08,-0.0008863223694106637
1.7400000568771e-08,-0.0008030652034562991
1.7600000571441287e-08,-0.0007654782304769014
1.7800000574111574e-08,-0.0007586074934806675
1.800000057678186e-08,-0.0007379952824919656
1.8200000579452146e-08,-0.0007097040125074727
1.8400000582122433e-08,-0.0006502923455400378
1.860000058479272e-08,-0.0005759267215807995
1.8800000587463006e-08,-0.0004922653946266564
1.9000000590133292e-08,-0.0004469993626514679
1.920000059280358e-08,-0.0003827377636866913
1.9400000595473865e-08,-0.00029503482673476356
1.960000059814415e-08,-0.0002020777967857157
1.9800000600814438e-08,-0.00013054129982492668
2.0000000603484724e-08,-4.728413387056207e-05
2.020000060615501e-08,3.2335583085796316e-05
2.0400000608825297e-08,0.0001248884520350657
2.0600000611495583e-08,0.00023764937097325856
2.080000061416587e-08,0.00031969405392828776
2.1000000616836156e-08,0.00036778921290192557
2.1200000619506442e-08,0.00038516813589239973
2.140000062217673e-08,0.0004219467868722404
2.1600000624847015e-08,0.00046438369184897965
2.18000006275173e-08,0.0005306660958126486
2.2000000630187588e-08,0.0005419826038064457
2.2200000632857874e-08,0.0005435992478055596
2.240000063552816e-08,0.0005100538848239466
2.2600000638198447e-08,0.0005169246218201806
2.2800000640868733e-08,0.0005314744178122055
2.300000064353902e-08,0.0005391534768079964
2.3200000646209306e-08,0.0005270286468146423
2.3400000648879593e-08,0.0005330910618113194
2.360000065154988e-08,0.000550874145801572
2.3800000654220165e-08,0.0005674447467924892
2.4000000656890452e-08,0.000577548771786951
2.4200000659560738e-08,0.0005787612547862864
2.4400000662231025e-08,0.0005642114587942615
2.460000066490131e-08,0.0005819945427845141
2.4800000667571597e-08,0.0006244314477612534
2.5000000670241884e-08,0.0006369604387543859
