保存した波形 C3
 1 列目は時間,2 列目は信号値
 
-2.52e-08,-3.0713532879644845e-05
-2.4999999997329714e-08,-6.91088278585994e-05
-2.4799999994659428e-08,-9.90167418422061e-05
-2.459999999198914e-08,-0.00012528720682780659
-2.4399999989318855e-08,-0.00013700787582138219
-2.419999998664857e-08,-0.00016893659480388123
-2.3999999983978282e-08,-0.0001733823658014444
-2.3799999981307996e-08,-0.000210969338780842
-2.359999997863771e-08,-0.00022349832977397455
-2.3399999975967423e-08,-0.00024693966776112575
-2.3199999973297137e-08,-0.0002659352347507138
-2.299999997062685e-08,-0.00027159348874761235
-2.2799999967956564e-08,-0.0002719976497473908
-2.2599999965286278e-08,-0.00029220569973631427
-2.239999996261599e-08,-0.00027927254774340327
-2.2199999959945705e-08,-0.00027967670874318173
-2.199999995727542e-08,-0.0002647227517513784
-2.1799999954605132e-08,-0.00027159348874761235
-2.1599999951934846e-08,-0.00024693966776112575
-2.139999994926456e-08,-0.00023279403276887933
-2.1199999946594273e-08,-0.00020692772878305732
-2.0999999943923986e-08,-0.00018874048379302621
-2.07999999412537e-08,-0.0001564076038107487
-2.0599999938583414e-08,-0.0001172039868322372
-2.0399999935913127e-08,-8.325446285084581e-05
-2.019999993324284e-08,-6.466305686103624e-05
-1.9999999930572554e-08,-3.0309371879866376e-05
-1.9799999927902268e-08,-8.056188960381405e-07
-1.9599999925231982e-08,5.011866707604895e-05
-1.9399999922561695e-08,9.417221605190207e-05
-1.919999991989141e-08,0.0001236759690357303
-1.8999999917221123e-08,0.000173387772008482
-1.8799999914550836e-08,0.00020895393998898726
-1.859999991188055e-08,0.00025179500596550497
-1.8399999909210263e-08,0.0003217148589271801
-1.8199999906539977e-08,0.00035889767090679925
-1.799999990386969e-08,0.0004130552448771141
-1.7799999901199404e-08,0.000493079122833251
-1.7599999898529118e-08,0.0005496616628022366
-1.739999989585883e-08,0.0006139232617670132
-1.7199999893188545e-08,0.0006733349287344481
-1.699999989051826e-08,0.0007408298156974524
-1.6799999887847972e-08,0.0008042830926626721
-1.6599999885177686e-08,0.0008847111316185874
-1.63999998825074e-08,0.0009433144765864654
-1.6199999879837113e-08,0.0010095968805501343
-1.5999999877166827e-08,0.0010572878785239936
-1.579999987449654e-08,0.0011069996814967453
-1.5599999871826254e-08,0.00115064906947282
-1.5399999869155967e-08,0.0011761112124588635
-1.519999986648568e-08,0.0011874277204526607
-1.4999999863815395e-08,0.0011866193984531037
-1.4799999861145108e-08,0.0011845985934542114
-1.4599999858474822e-08,0.001177323695458199
-1.4399999855804535e-08,0.0011352909514812382
-1.4199999853134249e-08,0.0011142745794927578
-1.3999999850463963e-08,0.0010609253275219999
-1.3799999847793676e-08,0.0010366756675352917
-1.359999984512339e-08,0.000967968297572952
-1.3399999842453104e-08,0.0009263397145957697
-1.3199999839782817e-08,0.0008495491246378606
-1.299999983711253e-08,0.0007978165166662166
-1.2799999834442244e-08,0.0007278966637045414
-1.2599999831771958e-08,0.0006498935907472969
-1.2399999829101672e-08,0.0005654239417935969
-1.2199999826431385e-08,0.0004975248938308141
-1.1999999823761099e-08,0.00039163471188885524
-1.1799999821090812e-08,0.00031565244393050307
-1.1599999818420526e-08,0.0002150163549856643
-1.139999981575024e-08,0.000140650731026426
-1.1199999813079953e-08,5.456443807361211e-05
-1.0999999810409667e-08,-4.162587987366351e-05
-1.079999980773938e-08,-0.00013458290982271137
-1.0599999805069094e-08,-0.00022471081277330995
-1.0399999802398808e-08,-0.0003059471737287822
-1.0199999799728521e-08,-0.00038516272968536214
-9.999999797058235e-09,-0.0004587200316450435
-9.799999794387948e-09,-0.0005456146465974143
-9.599999791717662e-09,-0.0006086637625628555
-9.399999789047376e-09,-0.000692729250516777
-9.19999978637709e-09,-0.0007646699084773445
-8.999999783706803e-09,-0.0008240815754447794
-8.799999781036517e-09,-0.0009045096144006948
-8.59999977836623e-09,-0.0009687712133654713
-8.399999775695944e-09,-0.0010277787193331278
-8.199999773025657e-09,-0.0010851695813016704
-7.999999770355371e-09,-0.0011397313162717637
-7.799999767685085e-09,-0.0012185427112285652
-7.599999765014798e-09,-0.0012617879382048613
-7.399999762344512e-09,-0.0013050331651811575
-7.199999759674225e-09,-0.0013438326211598906
-6.999999757003939e-09,-0.0013878861701357437
-6.799999754333653e-09,-0.0014525519301002987
-6.599999751663366e-09,-0.0015034762160723858
-6.39999974899308e-09,-0.0015948166020223198
-6.1999997463227934e-09,-0.0016416992779966222
-5.999999743652507e-09,-0.0017160649019558605
-5.799999740982221e-09,-0.0017572893239332643
-5.599999738311934e-09,-0.001814680185901807
-5.399999735641648e-09,-0.0018247842108962686
-5.1999997329713615e-09,-0.001883791716863925
-4.999999730301075e-09,-0.0018765168188679127
-4.799999727630789e-09,-0.0018951082248577222
-4.599999724960502e-09,-0.0018813667508652543
-4.399999722290216e-09,-0.0019124871478481964
-4.1999997196199295e-09,-0.0019419909008320246
-3.999999716949643e-09,-0.001960582306821834
-3.799999714279357e-09,-0.0019488616378282586
-3.5999997116090703e-09,-0.001968261365817625
-3.399999708938784e-09,-0.002023227261787497
-3.1999997062684975e-09,-0.002093147114749172
-2.999999703598211e-09,-0.002137200663725025
-2.7999997009279248e-09,-0.0021590253577130625
-2.5999996982576384e-09,-0.002157812874713727
-2.399999695587352e-09,-0.0021537712647159424
-2.1999996929170656e-09,-0.0021780209247026505
-1.999999690246779e-09,-0.002203483067688694
-1.7999996875764928e-09,-0.002192974881694454
-1.5999996849062064e-09,-0.0022200536686796113
-1.39999968223592e-09,-0.0021477088497192653
-1.1999996795656336e-09,-0.0021101218767398677
-9.999996768953472e-10,-0.0020450519557755342
-7.999996742250608e-10,-0.002029289676784174
-5.999996715547744e-10,-0.001973515458814745
-3.9999966888448805e-10,-0.0018926832588590514
-1.9999966621420166e-10,-0.0017758807299230739
3.3645608473285843e-16,-0.0016732238359793428
2.0000033912637112e-10,-0.001579458484030738
4.000003417966575e-10,-0.0015075178260701705
6.000003444669439e-10,-0.0013781863061410604
8.000003471372303e-10,-0.0012359216342190393
1.0000003498075167e-09,-0.0010754697173069871
1.200000352477803e-09,-0.0009420965873800924
1.4000003551480895e-09,-0.0008256982194438933
1.6000003578183759e-09,-0.0007363786384928517
1.8000003604886623e-09,-0.0006110887285615263
2.0000003631589487e-09,-0.0005193441816118138
2.200000365829235e-09,-0.00041102903367118415
2.4000003684995214e-09,-0.00035121320570397074
2.600000371169808e-09,-0.0002449188627622334
2.8000003738400942e-09,-0.00018793216179346928
3.0000003765103806e-09,-0.00011962895283090802
3.200000379180667e-09,-7.840453085350418e-05
3.4000003818509534e-09,-4.970909986923289e-05
3.6000003845212398e-09,-1.69720588871769e-05
3.800000387191526e-09,1.81899480935499e-05
4.0000003898618126e-09,6.992255606519393e-05
4.200000392532099e-09,0.00011235946104193317
4.400000395202385e-09,0.0001681336790113619
4.600000397872672e-09,0.0001927874999978485
4.800000400542958e-09,0.0002372452099734801
5.0000004032132445e-09,0.0002918069449435734
5.200000405883531e-09,0.0003374771379185404
5.400000408553817e-09,0.0003657684079030332
5.600000411224104e-09,0.00042558423587024663
5.80000041389439e-09,0.0004389215488629361
6.0000004165646765e-09,0.00047206275084477056
6.200000419234963e-09,0.0005011623428288203
6.400000421905249e-09,0.0005496616628022366
6.600000424575536e-09,0.0005787612547862864
6.800000427245822e-09,0.0006276647357594811
7.0000004299161085e-09,0.0007040511647176118
7.200000432586395e-09,0.0007856916866728625
7.400000435256681e-09,0.0008604614716318792
7.600000437926968e-09,0.0009425061545869085
7.800000440597254e-09,0.001018892583545039
8.00000044326754e-09,0.0010770917675131386
8.200000445937827e-09,0.0011328659854825673
8.400000448608113e-09,0.001210060736440255
8.6000004512784e-09,0.0012634099884110128
8.800000453948686e-09,0.0013547503743609468
9.000000456618972e-09,0.0014105245923303755
9.200000459289259e-09,0.001464278005300912
9.400000461959545e-09,0.0015632974502466368
9.600000464629832e-09,0.0016291756932105272
9.800000467300118e-09,0.0016938414531750823
1.0000000469970404e-08,0.0017451699001469478
1.020000047264069e-08,0.0017969025081185919
1.0400000475310977e-08,0.0018627807510824823
1.0600000477981264e-08,0.0019238090620490311
1.080000048065155e-08,0.0019876665000140292
1.1000000483321836e-08,0.0020337408539887747
1.1200000485992123e-08,0.0020583946749752613
1.1400000488662409e-08,0.0020575863529757044
1.1600000491332695e-08,0.0020725403099675077
1.1800000494002982e-08,0.002092748359956431
1.2000000496673268e-08,0.0021016399019515575
1.2200000499343555e-08,0.0020955774869548804
1.2400000502013841e-08,0.002070115343968837
1.2600000504684127e-08,0.002021211862995642
1.2800000507354414e-08,0.001996153881009377
1.30000005100247e-08,0.0019678626110248842
1.3200000512694987e-08,0.0019250215450483665
1.3400000515365273e-08,0.0018700556490784948
1.360000051803556e-08,0.0018163022361079584
1.3800000520705846e-08,0.0017310242651547014
1.4000000523376132e-08,0.0016469587772007799
1.4200000526046419e-08,0.0015572350352499598
1.4400000528716705e-08,0.001475594513294709
1.4600000531386991e-08,0.0013616211113571808
1.4800000534057278e-08,0.0012771514624034808
1.5000000536727564e-08,0.001182577788455319
1.520000053939785e-08,0.001098108139501619
1.5400000542068137e-08,0.0010011094995547865
1.5600000544738423e-08,0.0009109815966041879
1.580000054740871e-08,0.0008075163806608998
1.6000000550078996e-08,0.0007113260627136242
1.6200000552749282e-08,0.0006187731937643548
1.640000055541957e-08,0.0005613823317958122
1.6600000558089855e-08,0.0004651920138485366
1.6800000560760142e-08,0.00039688880488597533
1.7000000563430428e-08,0.00032373566392607245
1.7200000566100714e-08,0.0002606865479606313
1.7400000568771e-08,0.00016894200101091883
1.7600000571441287e-08,0.00012205932503661643
1.7800000574111574e-08,2.1827397091556122e-05
1.800000057678186e-08,-5.294238786746064e-05
1.8200000579452146e-08,-0.00011882063083135108
1.8400000582122433e-08,-0.0001446869348171731
1.860000058479272e-08,-0.00020652356778327885
1.8800000587463006e-08,-0.00024532302376201187
1.9000000590133292e-08,-0.0002841224797407449
1.920000059280358e-08,-0.00031726368172257935
1.9400000595473865e-08,-0.00033140931671482576
1.960000059814415e-08,-0.00033828005371105974
1.9800000600814438e-08,-0.00036697548469533103
2.0000000603484724e-08,-0.0003689962896942234
2.020000060615501e-08,-0.00039405427168048845
2.0400000608825297e-08,-0.0004090082286722918
2.0600000611495583e-08,-0.00040173333067627937
2.080000061416587e-08,-0.00041264567767029803
2.1000000616836156e-08,-0.0003972875596787162
2.1200000619506442e-08,-0.0003985000426780516
2.140000062217673e-08,-0.0003924376276813746
2.1600000624847015e-08,-0.0003871835346842545
2.18000006275173e-08,-0.000373846221691565
2.2000000630187588e-08,-0.00036293387469754634
2.2200000632857874e-08,-0.0003621255526979894
2.240000063552816e-08,-0.0003649546796964387
2.2600000638198447e-08,-0.00034353414670817983
2.2800000640868733e-08,-0.00031362623272457313
2.300000064353902e-08,-0.0003063513347285607
2.3200000646209306e-08,-0.00027846422574384633
2.3400000648879593e-08,-0.00028573912373985877
2.360000065154988e-08,-0.00025744785375536594
2.3800000654220165e-08,-0.00026876436174916307
2.4000000656890452e-08,-0.00023521899876755015
2.4200000659560738e-08,-0.00026391442975182144
2.4400000662231025e-08,-0.00022713577877198077
2.460000066490131e-08,-0.00023764396476622096
2.4800000667571597e-08,-0.00022592329577264536
2.5000000670241884e-08,-0.00021016101678128507
