保存した波形 C3
 1 列目は時間,2 列目は信号値
 
-2.52e-08,-0.00036131723069843247
-2.4999999997329714e-08,-0.000335046765712832
-2.4799999994659428e-08,-0.00029665147073387743
-2.459999999198914e-08,-0.00028735576773897265
-2.4399999989318855e-08,-0.00026674355675027073
-2.419999998664857e-08,-0.00025744785375536594
-2.3999999983978282e-08,-0.00024815215076046115
-2.3799999981307996e-08,-0.00023360235476843627
-2.359999997863771e-08,-0.00021339430477951282
-2.3399999975967423e-08,-0.00018874048379302621
-2.3199999973297137e-08,-0.00016489498480609655
-2.299999997062685e-08,-0.00012973297782536974
-2.2799999967956564e-08,-9.78042588428707e-05
-2.2599999965286278e-08,-4.162587987366351e-05
-2.239999996261599e-08,-4.038906894265892e-06
-2.2199999959945705e-08,5.6181082072725985e-05
-2.199999995727542e-08,0.00011438026604082552
-2.1799999954605132e-08,0.00015520052701845088
-2.1599999951934846e-08,0.0002162288379849997
-2.139999994926456e-08,0.0002683656069564222
-2.1199999946594273e-08,0.0003188857319287308
-2.0999999943923986e-08,0.00035647270490812843
-2.07999999412537e-08,0.00037950988189550117
-2.0599999938583414e-08,0.0004102261178786648
-2.0399999935913127e-08,0.0004102261178786648
-2.019999993324284e-08,0.0003985054488850892
-1.9999999930572554e-08,0.00039405967788752605
-1.9799999927902268e-08,0.0003791057208957227
-1.9599999925231982e-08,0.0003593018319065777
-1.9399999922561695e-08,0.0003439437139149959
-1.919999991989141e-08,0.00032737311292407867
-1.8999999917221123e-08,0.0003011026479384782
-1.8799999914550836e-08,0.00027968211495021933
-1.859999991188055e-08,0.000257857420962182
-1.8399999909210263e-08,0.00025745325996240354
-1.8199999906539977e-08,0.0002267370239792399
-1.799999990386969e-08,0.0002267370239792399
-1.7799999901199404e-08,0.00021057058398810113
-1.7599999898529118e-08,0.00021663299898477817
-1.739999989585883e-08,0.0002057206519907595
-1.7199999893188545e-08,0.0001939999829971839
-1.699999989051826e-08,0.00016772951801158342
-1.6799999887847972e-08,0.000140650731026426
-1.6599999885177686e-08,0.0001418632140257614
-1.63999998825074e-08,0.00011518858804038246
-1.6199999879837113e-08,9.983047004880063e-05
-1.5999999877166827e-08,9.053476705389585e-05
-1.579999987449654e-08,7.356000506320015e-05
-1.5599999871826254e-08,6.790175106630159e-05
-1.5399999869155967e-08,6.588094606740924e-05
-1.519999986648568e-08,6.547678506763077e-05
-1.4999999863815395e-08,8.002658105965565e-05
-1.4799999861145108e-08,8.487651305699728e-05
-1.4599999858474822e-08,7.598497106187097e-05
-1.4399999855804535e-08,5.133115007538436e-05
-1.4199999853134249e-08,3.880215908225182e-05
-1.3999999850463963e-08,2.667732908889775e-05
-1.3799999847793676e-08,-9.292999891385989e-06
-1.359999984512339e-08,-4.849661686989748e-05
-1.3399999842453104e-08,-7.921285285306112e-05
-1.3199999839782817e-08,-9.861258084242763e-05
-1.299999983711253e-08,-0.00012932881682559128
-1.2799999834442244e-08,-0.00014266612981828075
-1.2599999831771958e-08,-0.00015438679881185635
-1.2399999829101672e-08,-0.00016206585780764726
-1.2199999826431385e-08,-0.0001693407558036597
-1.1999999823761099e-08,-0.0001551951208114133
-1.1799999821090812e-08,-0.00016610746780543195
-1.1599999818420526e-08,-0.00017540317080033674
-1.139999981575024e-08,-0.00018429471279546306
-1.1199999813079953e-08,-0.0001681282728043243
-1.0999999810409667e-08,-0.00017499900980055827
-1.079999980773938e-08,-0.00016044921380853339
-1.0599999805069094e-08,-0.00015600344281097023
-1.0399999802398808e-08,-0.0001434744518178377
-1.0199999799728521e-08,-0.0001236705628286927
-9.999999797058235e-09,-0.0001095249278364463
-9.799999794387948e-09,-6.547137886059318e-05
-9.599999791717662e-09,-3.637178687654341e-05
-9.399999789047376e-09,-6.059711893158237e-06
-9.19999978637709e-09,1.7785787093771432e-05
-8.999999783706803e-09,4.8906184076713544e-05
-8.799999781036517e-09,5.2139472074941295e-05
-8.59999977836623e-09,4.4056252079371916e-05
-8.399999775695944e-09,5.133115007538436e-05
-8.199999773025657e-09,1.455249909554368e-05
-7.999999770355371e-09,2.8318301019680803e-06
-7.799999767685085e-09,-3.596762587676494e-05
-7.599999765014798e-09,-6.749218385948552e-05
-7.399999762344512e-09,-0.0001042708348393262
-7.199999759674225e-09,-0.0001277121728264774
-6.999999757003939e-09,-0.00017701981479945061
-6.799999754333653e-09,-0.0002137984657792913
-6.599999751663366e-09,-0.0002477479897606827
-6.39999974899308e-09,-0.00029786395373321284
-6.1999997463227934e-09,-0.0003362592487121674
-5.999999743652507e-09,-0.00036818796769466644
-5.799999740982221e-09,-0.00037869615368890663
-5.599999738311934e-09,-0.00041385816066963343
-5.399999735641648e-09,-0.0004445743966527971
-5.1999997329713615e-09,-0.0004377036596565631
-4.999999730301075e-09,-0.00034434246870773677
-4.799999727630789e-09,-0.00026957268374872
-4.599999724960502e-09,-0.00022471081277330995
-4.399999722290216e-09,-0.00029745979273343437
-4.1999997196199295e-09,-0.0003815252806873559
-3.999999716949643e-09,-0.0005007527756220043
-3.799999714279357e-09,-0.0007428452144893072
-3.5999997116090703e-09,-0.0013680822811465987
-3.399999708938784e-09,-0.002314627342627773
-3.1999997062684975e-09,-0.003159323832164773
-2.999999703598211e-09,-0.003597030194924855
-2.7999997009279248e-09,-0.003508923096973149
-2.5999996982576384e-09,-0.0030663668022157253
-2.399999695587352e-09,-0.0024399172525590984
-2.1999996929170656e-09,-0.0018433756168860782
-1.999999690246779e-09,-0.001454572735099191
-1.7999996875764928e-09,-0.0013078622921796068
-1.5999996849062064e-09,-0.0012375382782181532
-1.39999968223592e-09,-0.0011162899782846125
-1.1999996795656336e-09,-0.0009028929704015809
-9.999996768953472e-10,-0.0006118970505610832
-7.999996742250608e-10,-0.000335046765712832
-5.999996715547744e-10,-0.00022753993977175924
-3.9999966888448805e-10,-0.00020288611878527263
-1.9999966621420166e-10,-0.00021945671977618986
3.3645608473285843e-16,-0.00017823229779878602
2.0000033912637112e-10,-0.00013781619782093912
4.000003417966575e-10,1.9806592092663777e-05
6.000003444669439e-10,0.00022956615097768918
8.000003471372303e-10,0.00039810128788531074
1.0000003498075167e-09,0.0004494297348571763
1.200000352477803e-09,0.0004324549728664806
1.4000003551480895e-09,0.0004478130908580624
1.6000003578183759e-09,0.0004967165718312572
1.8000003604886623e-09,0.0006252397697608103
2.0000003631589487e-09,0.0007986248386657735
2.200000365829235e-09,0.0009041108596079539
2.4000003684995214e-09,0.0009400811885882376
2.600000371169808e-09,0.0009687766195725089
2.8000003738400942e-09,0.0009934304405589955
3.0000003765103806e-09,0.001000705338555008
3.200000379180667e-09,0.0010237425155423807
3.4000003818509534e-09,0.0011142745794927578
3.6000003845212398e-09,0.0012415852944229755
3.800000387191526e-09,0.0013616211113571808
4.0000003898618126e-09,0.0014456865993111023
4.200000392532099e-09,0.0014990358512818602
4.400000395202385e-09,0.0014933775972849617
4.600000397872672e-09,0.001474786191295152
4.800000400542958e-09,0.0015059065882780942
5.0000004032132445e-09,0.001547939332255055
5.200000405883531e-09,0.001566934899244643
5.400000408553817e-09,0.0015305604092645808
5.600000411224104e-09,0.0015216688672694545
5.80000041389439e-09,0.0015337936972628086
6.0000004165646765e-09,0.0015499601372539473
6.200000419234963e-09,0.0015426852392579349
6.400000421905249e-09,0.0014723612252964813
6.600000424575536e-09,0.0013701084923525286
6.800000427245822e-09,0.001312717630383986
7.0000004299161085e-09,0.001299784478391075
7.200000432586395e-09,0.0013199925283799985
7.400000435256681e-09,0.0013381797733700296
7.600000437926968e-09,0.0012262271764313937
7.800000440597254e-09,0.0010815375385107018
8.00000044326754e-09,0.0008737987846245687
8.200000445937827e-09,0.0007416381376970094
8.400000448608113e-09,0.0006959679447220424
8.6000004512784e-09,0.0006789931827313467
8.800000453948686e-09,0.000636152116754829
9.000000456618972e-09,0.0004740835558436629
9.200000459289259e-09,0.0003051442579362629
9.400000461959545e-09,0.00013862992602753366
9.600000464629832e-09,3.395222708491019e-05
9.800000467300118e-09,-3.4350981877651066e-05
1.0000000469970404e-08,-5.7792319864802266e-05
1.020000047264069e-08,-9.25501658457506e-05
1.0400000475310977e-08,-0.00012730801182669893
1.0600000477981264e-08,-0.00020773605078261426
1.080000048065155e-08,-0.00030433052972966834
1.1000000483321836e-08,-0.0004364911766572277
1.1200000485992123e-08,-0.0005217691476104847
1.1400000488662409e-08,-0.0006369550325473483
1.1600000491332695e-08,-0.000718595554502599
1.1800000494002982e-08,-0.0007557783664822182
1.2000000496673268e-08,-0.0008164025164489885
1.2200000499343555e-08,-0.0009356300113836369
1.2400000502013841e-08,-0.0010972944112950245
1.2600000504684127e-08,-0.0012076303642345465
1.2800000507354414e-08,-0.00122783841422347
1.30000005100247e-08,-0.001239963244216824
1.3200000512694987e-08,-0.0012662337092024245
1.3400000515365273e-08,-0.0014040526101268824
1.360000051803556e-08,-0.0015697586200360547
1.3800000520705846e-08,-0.001762139255930606
1.4000000523376132e-08,-0.001906020571851741
1.4200000526046419e-08,-0.0020555601417697744
1.4400000528716705e-08,-0.0021642794507101826
1.4600000531386991e-08,-0.002272190437651034
1.4800000534057278e-08,-0.0022915901656404003
1.5000000536727564e-08,-0.0023081607666313175
1.520000053939785e-08,-0.0022624905736563505
1.5400000542068137e-08,-0.002240665879668313
1.5600000544738423e-08,-0.0022588531246583443
1.580000054740871e-08,-0.0023607016966025185
1.6000000550078996e-08,-0.002438704769559763
1.6200000552749282e-08,-0.0025013497245254257
1.640000055541957e-08,-0.0024358756425613137
1.6600000558089855e-08,-0.002361105857602297
1.6800000560760142e-08,-0.002261278090657015
1.7000000563430428e-08,-0.0022350076256714146
1.7200000566100714e-08,-0.0022426866846672056
1.7400000568771e-08,-0.002285123589643945
1.7600000571441287e-08,-0.002323114723623121
1.7800000574111574e-08,-0.002336856197615589
1.800000057678186e-08,-0.0022592572856581228
1.8200000579452146e-08,-0.002171554348706195
1.8400000582122433e-08,-0.002045860277775091
1.860000058479272e-08,-0.002000190084800124
1.8800000587463006e-08,-0.001981194517810536
1.9000000590133292e-08,-0.0020135273977928136
1.920000059280358e-08,-0.002014739880792149
1.9400000595473865e-08,-0.0019282494268395567
1.960000059814415e-08,-0.00176900999292684
1.9800000600814438e-08,-0.0016210870670079203
2.0000000603484724e-08,-0.001501859572073272
2.020000060615501e-08,-0.0014428520661056154
2.0400000608825297e-08,-0.0014145607961211226
2.0600000611495583e-08,-0.0013814195941392882
2.080000061416587e-08,-0.0013256453761698594
2.1000000616836156e-08,-0.0012068220422349896
2.1200000619506442e-08,-0.0010665781753118608
2.140000062217673e-08,-0.0009590713493707881
2.1600000624847015e-08,-0.0008980430384042393
2.18000006275173e-08,-0.0008847057254115498
2.2000000630187588e-08,-0.0008612643874243986
2.2200000632857874e-08,-0.0008325689564401273
2.240000063552816e-08,-0.0007497159514855412
2.2600000638198447e-08,-0.000634934227548456
2.2800000640868733e-08,-0.0005157067326138076
2.300000064353902e-08,-0.00041911225366675353
2.3200000646209306e-08,-0.0003310051557150473
2.3400000648879593e-08,-0.0002816975137420741
2.360000065154988e-08,-0.0001956112207892602
2.3800000654220165e-08,-0.00011437485983378792
2.4000000656890452e-08,1.6193471026326733e-06
2.4200000659560738e-08,0.00011761355403905327
2.4400000662231025e-08,0.00025098668396594803
2.460000066490131e-08,0.0003884014238906275
2.4800000667571597e-08,0.0005035873088274911
2.5000000670241884e-08,0.000662018420740651
