保存した波形 C3
 1 列目は時間,2 列目は信号値
 
-2.52e-08,0.004020596328899728
-2.4999999997329714e-08,0.0038750983689794793
-2.4799999994659428e-08,0.003745362688050591
-2.459999999198914e-08,0.0035683401701476214
-2.4399999989318855e-08,0.0033581764502628175
-2.419999998664857e-08,0.0031366962223842165
-2.3999999983978282e-08,0.002890562173519129
-2.3799999981307996e-08,0.002633919938659801
-2.359999997863771e-08,0.0023558571708122145
-2.3399999975967423e-08,0.0020745611149664
-2.3199999973297137e-08,0.001807410694112832
-2.299999997062685e-08,0.0015337936972628086
-2.2799999967956564e-08,0.0012456269044207602
-2.2599999965286278e-08,0.0009893888305612109
-2.239999996261599e-08,0.000727492502704763
-2.2199999959945705e-08,0.0005116705288230605
-2.199999995727542e-08,0.00031201499493249685
-2.1799999954605132e-08,0.00011882603703838868
-2.1599999951934846e-08,-4.728413387056207e-05
-2.139999994926456e-08,-0.00019076128879191856
-2.1199999946594273e-08,-0.00033302596071393964
-2.0999999943923986e-08,-0.00046559076864127746
-2.07999999412537e-08,-0.0005759267215807995
-2.0599999938583414e-08,-0.0006862626745203215
-2.0399999935913127e-08,-0.0007913445344627235
-2.019999993324284e-08,-0.0008948097504060115
-1.9999999930572554e-08,-0.0010112081183422106
-1.9799999927902268e-08,-0.001117502461283948
-1.9599999925231982e-08,-0.0012302633802221408
-1.9399999922561695e-08,-0.0013604032221508078
-1.919999991989141e-08,-0.0014945846740772595
-1.8999999917221123e-08,-0.0016453367269946284
-1.8799999914550836e-08,-0.0018041719999075667
-1.859999991188055e-08,-0.0019516907648267079
-1.8399999909210263e-08,-0.0021254799947314496
-1.8199999906539977e-08,-0.0022875485556426156
-1.799999990386969e-08,-0.002456083692550237
-1.7799999901199404e-08,-0.00261370648246384
-1.7599999898529118e-08,-0.0027604169253834243
-1.739999989585883e-08,-0.0028905567673120913
-1.7199999893188545e-08,-0.0030206966092407583
-1.699999989051826e-08,-0.00307566250521063
-1.6799999887847972e-08,-0.003181552687152589
-1.6599999885177686e-08,-0.0032199479821315435
-1.63999998825074e-08,-0.003260768243109169
-1.6199999879837113e-08,-0.0032700639461040737
-1.5999999877166827e-08,-0.0032688514631047383
-1.579999987449654e-08,-0.003206610669138854
-1.5599999871826254e-08,-0.0031787235601541397
-1.5399999869155967e-08,-0.003098699682198003
-1.519999986648568e-08,-0.0030243340582387646
-1.4999999863815395e-08,-0.0029483517902804124
-1.4799999861145108e-08,-0.0028521614723331368
-1.4599999858474822e-08,-0.00272727572340159
-1.4399999855804535e-08,-0.0026173439314618463
-1.4199999853134249e-08,-0.0025009455635256472
-1.3999999850463963e-08,-0.0024019261185799223
-1.3799999847793676e-08,-0.002264511378655243
-1.359999984512339e-08,-0.0021444755617210376
-1.3399999842453104e-08,-0.0020244397447868323
-1.3199999839782817e-08,-0.0019003623178548423
-1.299999983711253e-08,-0.0017593101289321567
-1.2799999834442244e-08,-0.0016416992779966222
-1.2599999831771958e-08,-0.0014852889710823547
-1.2399999829101672e-08,-0.0013345369181649858
-1.2199999826431385e-08,-0.0011785307722504967
-1.1999999823761099e-08,-0.0010083789913437613
-1.1799999821090812e-08,-0.0008026610424565206
-1.1599999818420526e-08,-0.0006062387965641847
-1.139999981575024e-08,-0.0003883960176835899
-1.1199999813079953e-08,-0.00015600344281097023
-1.0999999810409667e-08,7.55808100620925e-05
-1.079999980773938e-08,0.0003374771379185404
-1.0599999805069094e-08,0.000596544338776539
-1.0399999802398808e-08,0.0008269161086502663
-1.0199999799728521e-08,0.00107143351351624
-9.999999797058235e-09,0.0013018052833899674
-9.799999794387948e-09,0.0015366228242612578
-9.599999791717662e-09,0.001757294730140302
-9.399999789047376e-09,0.001958162747030201
-9.19999978637709e-09,0.0021327602989344996
-8.999999783706803e-09,0.0023118036218363613
-8.799999781036517e-09,0.002461343191754395
-8.59999977836623e-09,0.002579358203689708
-8.399999775695944e-09,0.002686460868631002
-8.199999773025657e-09,0.0027713346785844806
-7.999999770355371e-09,0.0028404462095465988
-7.799999767685085e-09,0.0028832872755231165
-7.599999765014798e-09,0.002900262037513812
-7.399999762344512e-09,0.0028994537155142552
-7.199999759674225e-09,0.002894199622517135
-6.999999757003939e-09,0.0028986453935146983
-6.799999754333653e-09,0.0028832872755231165
-6.599999751663366e-09,0.0028671208355319777
-6.39999974899308e-09,0.002876012377527104
-6.1999997463227934e-09,0.002870758284529984
-5.999999743652507e-09,0.002876820699526661
-5.799999740982221e-09,0.0028925829785180213
-5.599999738311934e-09,0.002892178817518243
-5.399999735641648e-09,0.002883691436522895
-5.1999997329713615e-09,0.002890562173519129
-4.999999730301075e-09,0.002895007944516692
-4.799999727630789e-09,0.002885308080522009
-4.599999724960502e-09,0.002845700302543719
-4.399999722290216e-09,0.002780226220579607
-4.1999997196199295e-09,0.002663827852643408
-3.999999716949643e-09,0.002584612296686828
-3.799999714279357e-09,0.002459726547755281
-3.5999997116090703e-09,0.0023263534178283862
-3.399999708938784e-09,0.002112552248945576
-3.1999997062684975e-09,0.0018631849120822608
-2.999999703598211e-09,0.001587547110233345
-2.7999997009279248e-09,0.001345454671366042
-2.5999996982576384e-09,0.0011251869264867764
-2.399999695587352e-09,0.0009429103155866869
-2.1999996929170656e-09,0.0007707377296810591
-1.999999690246779e-09,0.0005351118668102117
-1.7999996875764928e-09,0.0002602823869608528
-1.5999996849062064e-09,-2.3438634883632403e-05
-1.39999968223592e-09,-0.00027927254774340327
-1.1999996795656336e-09,-0.0004817572086324162
-9.999996768953472e-10,-0.000628063490552222
-7.999996742250608e-10,-0.0008172108384485455
-5.999996715547744e-10,-0.0009582630273712311
-3.9999966888448805e-10,-0.001141752121270656
-1.9999966621420166e-10,-0.0013013957161831513
3.3645608473285843e-16,-0.0014513394471009633
2.0000033912637112e-10,-0.0015297466810579863
4.000003417966575e-10,-0.0015968374070212121
6.000003444669439e-10,-0.0016283619650039327
8.000003471372303e-10,-0.0016825195389742476
1.0000003498075167e-09,-0.001755268518934372
1.200000352477803e-09,-0.0018203384398987055
1.4000003551480895e-09,-0.001870858564871014
1.6000003578183759e-09,-0.0019116788258486395
1.8000003604886623e-09,-0.0019011706398543993
2.0000003631589487e-09,-0.0019141037918473103
2.200000365829235e-09,-0.0019092538598499686
2.4000003684995214e-09,-0.0019161245968462026
2.600000371169808e-09,-0.0019387576128337969
2.8000003738400942e-09,-0.001968261365817625
3.0000003765103806e-09,-0.0019727071368151883
3.200000379180667e-09,-0.0019666447218185112
3.4000003818509534e-09,-0.0019108705038490825
3.6000003845212398e-09,-0.0018615628618761093
3.800000387191526e-09,-0.001747589459938581
4.0000003898618126e-09,-0.0016788820899762413
4.200000392532099e-09,-0.001572587747034504
4.400000395202385e-09,-0.0014755891070876714
4.600000397872672e-09,-0.0013604032221508078
4.800000400542958e-09,-0.0012189468722283436
5.0000004032132445e-09,-0.0010500075743209436
5.200000405883531e-09,-0.0008895556574088914
5.400000408553817e-09,-0.0007246579694992761
5.600000411224104e-09,-0.0005294482066062756
5.80000041389439e-09,-0.00033019683371549036
6.0000004165646765e-09,-0.0001418578078187238
6.200000419234963e-09,2.667732908889775e-05
6.400000421905249e-09,0.0002004665589936394
6.600000424575536e-09,0.00032131069792740163
6.800000427245822e-09,0.00043043416786758826
7.0000004299161085e-09,0.0005747196447885017
7.200000432586395e-09,0.0006963721057218208
7.400000435256681e-09,0.0008103455076593491
7.600000437926968e-09,0.000883498648619252
7.800000440597254e-09,0.0009061316646068462
8.00000044326754e-09,0.0009364437395902314
8.200000445937827e-09,0.0009526101795813702
8.400000448608113e-09,0.0010087885585505774
8.6000004512784e-09,0.0010807292165111448
8.800000453948686e-09,0.0011154870624920932
9.000000456618972e-09,0.001151457391472377
9.200000459289259e-09,0.00115590316246994
9.400000461959545e-09,0.001184194432454433
9.600000464629832e-09,0.0011898526864513315
9.800000467300118e-09,0.0012496685144185449
1.0000000469970404e-08,0.0012836180383999363
1.020000047264069e-08,0.0013131217913837645
1.0400000475310977e-08,0.0013563670183600607
1.0600000477981264e-08,0.001365258560355187
1.080000048065155e-08,0.0013664710433545224
1.1000000483321836e-08,0.00136445023835563
1.1200000485992123e-08,0.0013648543993554085
1.1400000488662409e-08,0.0013175675623813277
1.1600000491332695e-08,0.0012832138774001578
1.1800000494002982e-08,0.0012326937524278492
1.2000000496673268e-08,0.0011781320174577559
1.2200000499343555e-08,0.0010702210305169046
1.2400000502013841e-08,0.0009526101795813702
1.2600000504684127e-08,0.000824895303651374
1.2800000507354414e-08,0.0007165801557107443
1.30000005100247e-08,0.000589673601780305
1.3200000512694987e-08,0.00047893348784100453
1.3400000515365273e-08,0.00033303136692097723
1.360000051803556e-08,0.0002069331349900949
1.3800000520705846e-08,6.588094606740924e-05
1.4000000523376132e-08,-5.900480286413767e-05
1.4200000526046419e-08,-0.00016974491680343817
1.4400000528716705e-08,-0.00028210167474185255
1.4600000531386991e-08,-0.0003883960176835899
1.4800000534057278e-08,-0.00048781962362909326
1.5000000536727564e-08,-0.000563397730587667
1.520000053939785e-08,-0.0006215969145557665
1.5400000542068137e-08,-0.0006466548965420316
1.5600000544738423e-08,-0.0007072790465088019
1.580000054740871e-08,-0.0007654782304769014
1.6000000550078996e-08,-0.0008119567454514254
1.6200000552749282e-08,-0.0008580310994261708
1.640000055541957e-08,-0.0008657101584219618
1.6600000558089855e-08,-0.0008681351244206326
1.6800000560760142e-08,-0.0008786433104148728
1.7000000563430428e-08,-0.000894405589406233
1.7200000566100714e-08,-0.0009255259863891752
1.7400000568771e-08,-0.0009594755103705666
1.7600000571441287e-08,-0.001000295771348192
1.7800000574111574e-08,-0.0010269703973335709
1.800000057678186e-08,-0.0010439451593242666
1.8200000579452146e-08,-0.0010491992523213867
1.8400000582122433e-08,-0.00105889911631607
1.860000058479272e-08,-0.0010584949553162915
1.8800000587463006e-08,-0.0010811279713038857
1.9000000590133292e-08,-0.0010884028692998982
1.920000059280358e-08,-0.001096081928295689
1.9400000595473865e-08,-0.0010524325403196144
1.960000059814415e-08,-0.0010128247623413245
1.9800000600814438e-08,-0.0009465423583776555
2.0000000603484724e-08,-0.0008871306914102206
2.020000060615501e-08,-0.0008313564734407919
2.0400000608825297e-08,-0.0007816446704680402
2.0600000611495583e-08,-0.000732337028495067
2.080000061416587e-08,-0.0006442299305433608
2.1000000616836156e-08,-0.0005545061885925406
2.1200000619506442e-08,-0.00046074083664393584
2.140000062217673e-08,-0.0003791003146886851
2.1600000624847015e-08,-0.00029503482673476356
2.18000006275173e-08,-0.00025098127775891044
2.2000000630187588e-08,-0.00020773605078261426
2.2200000632857874e-08,-0.00016772411180454583
2.240000063552816e-08,-0.00012690385082692046
2.2600000638198447e-08,-8.20419798515104e-05
2.2800000640868733e-08,-5.0517421868789825e-05
2.300000064353902e-08,-5.73881588650238e-05
2.3200000646209306e-08,-4.122171887388504e-05
2.3400000648879593e-08,-5.0921582868568294e-05
2.360000065154988e-08,-6.021728586347308e-05
2.3800000654220165e-08,-8.931687784752285e-05
2.4000000656890452e-08,-9.497513184442141e-05
2.4200000659560738e-08,-0.00014953686681451472
2.4400000662231025e-08,-0.00014670773981606544
2.460000066490131e-08,-0.00017701981479945061
2.4800000667571597e-08,-0.0001838905517956846
2.5000000670241884e-08,-0.00021016101678128507
