保存した波形 C3
 1 列目は時間,2 列目は信号値
 
-2.52e-08,0.0014416449893133176
-2.4999999997329714e-08,0.0014602363953031272
-2.4799999994659428e-08,0.0014699362592978105
-2.459999999198914e-08,0.001450536531308444
-2.4399999989318855e-08,0.0014468990823104377
-2.419999998664857e-08,0.0014331576083179698
-2.3999999983978282e-08,0.0013854666103441104
-2.3799999981307996e-08,0.0013587919843587315
-2.359999997863771e-08,0.0012925095803950626
-2.3399999975967423e-08,0.0012278438204305075
-2.3199999973297137e-08,0.0011708571194617434
-2.299999997062685e-08,0.0011061913594971884
-2.2799999967956564e-08,0.0010277841255401654
-2.2599999965286278e-08,0.0009376562225895668
-2.239999996261599e-08,0.0008818820046201381
-2.2199999959945705e-08,0.0007743751786790654
-2.199999995727542e-08,0.0006729307677346696
-2.1799999954605132e-08,0.0005674447467924892
-2.1599999951934846e-08,0.0004700419458458782
-2.139999994926456e-08,0.0003540477389094576
-2.1199999946594273e-08,0.00022188709198189827
-2.0999999943923986e-08,8.972644505433891e-05
-2.07999999412537e-08,-5.4963192866352983e-05
-2.0599999938583414e-08,-0.0001903571277921401
-2.0399999935913127e-08,-0.00033302596071393964
-2.019999993324284e-08,-0.0004934778776259918
-1.9999999930572554e-08,-0.0006559505995369364
-1.9799999927902268e-08,-0.0008159983554492101
-1.9599999925231982e-08,-0.0009522006123745541
-1.9399999922561695e-08,-0.0011001235382934738
-1.919999991989141e-08,-0.0012638087432037537
-1.8999999917221123e-08,-0.001389098653135079
-1.8799999914550836e-08,-0.0015354049350548848
-1.859999991188055e-08,-0.0016841361829733614
-1.8399999909210263e-08,-0.001846608904884306
-1.8199999906539977e-08,-0.001981194517810536
-1.799999990386969e-08,-0.002169129382707524
-1.7799999901199404e-08,-0.002278252852647711
-1.7599999898529118e-08,-0.0024354714815615353
-1.739999989585883e-08,-0.002555911459495519
-1.7199999893188545e-08,-0.0026864554624239645
-1.699999989051826e-08,-0.002772945916376557
-1.6799999887847972e-08,-0.002892981733310762
-1.6599999885177686e-08,-0.00294633098528152
-1.63999998825074e-08,-0.0030380755322312325
-1.6199999879837113e-08,-0.0030631335142174976
-1.5999999877166827e-08,-0.0031164827661882555
-1.579999987449654e-08,-0.0031011246481966737
-1.5599999871826254e-08,-0.0031112286731911354
-1.5399999869155967e-08,-0.0030881914962037627
-1.519999986648568e-08,-0.003068791768214396
-1.4999999863815395e-08,-0.0030215049312403153
-1.4799999861145108e-08,-0.002950776756279083
-1.4599999858474822e-08,-0.002857415565330257
-1.4399999855804535e-08,-0.002797195576363265
-1.4199999853134249e-08,-0.002691305394421306
-1.3999999850463963e-08,-0.0025943067544744736
-1.3799999847793676e-08,-0.002463762751546028
-1.359999984512339e-08,-0.0023643391456005247
-1.3399999842453104e-08,-0.0022269244056758453
-1.3199999839782817e-08,-0.0020842555727540457
-1.299999983711253e-08,-0.001944820027830474
-1.2799999834442244e-08,-0.001806192804906459
-1.2599999831771958e-08,-0.001651803302991084
-1.2399999829101672e-08,-0.0015236842660613092
-1.2199999826431385e-08,-0.0013696989251457126
-1.1999999823761099e-08,-0.001228646736223027
-1.1799999821090812e-08,-0.0010932528012972398
-1.1599999818420526e-08,-0.0009396716213814216
-1.139999981575024e-08,-0.0007800280264689263
-1.1199999813079953e-08,-0.0006175553045579818
-1.0999999810409667e-08,-0.00045669922664615115
-1.079999980773938e-08,-0.0003128179107250162
-1.0599999805069094e-08,-0.00013781619782093912
-1.0399999802398808e-08,2.3444041090669998e-05
-1.0199999799728521e-08,0.00017742938200626668
-9.999999797058235e-09,0.0003637476029041409
-9.799999794387948e-09,0.0005209662318179653
-9.599999791717662e-09,0.0006987970717204917
-9.399999789047376e-09,0.0008717779796256764
-9.19999978637709e-09,0.0010289966085395008
-8.999999783706803e-09,0.0011736862464601927
-8.799999781036517e-09,0.0013365631293709157
-8.59999977836623e-09,0.0014683196152986966
-8.399999775695944e-09,0.0016174550242169516
-8.199999773025657e-09,0.0017439574171476124
-7.999999770355371e-09,0.0018652057170811531
-7.799999767685085e-09,0.0019670542890253273
-7.599999765014798e-09,0.002050311454979692
-7.399999762344512e-09,0.0021388227139311766
-7.199999759674225e-09,0.0021913636439023776
-6.999999757003939e-09,0.002241883768874686
-6.799999754333653e-09,0.002296849664844558
-6.599999751663366e-09,0.002329586705826614
-6.39999974899308e-09,0.0023453489848179743
-6.1999997463227934e-09,0.0023663653568064547
-5.999999743652507e-09,0.002382127635797815
-5.799999740982221e-09,0.002395869109790283
-5.599999738311934e-09,0.0024221395747758834
-5.399999735641648e-09,0.0024197146087772126
-5.1999997329713615e-09,0.0024379018537672437
-4.999999730301075e-09,0.002464172318752844
-4.799999727630789e-09,0.002506205062729805
-4.599999724960502e-09,0.0025215631807213867
-4.399999722290216e-09,0.0025171174097238236
-4.1999997196199295e-09,0.002498526003734014
-3.999999716949643e-09,0.002481955402743097
-3.799999714279357e-09,0.0025082258677286973
-3.5999997116090703e-09,0.002545004518708538
-3.399999708938784e-09,0.0025324755277154054
-3.1999997062684975e-09,0.002447601717761927
-2.999999703598211e-09,0.0023085703338381336
-2.7999997009279248e-09,0.002197021897899276
-2.5999996982576384e-09,0.0021060856729491206
-2.399999695587352e-09,0.00206930702196928
-2.1999996929170656e-09,0.002047886488981021
-1.999999690246779e-09,0.001968670933024441
-1.7999996875764928e-09,0.0018377227690962172
-1.5999996849062064e-09,0.0016663585051901464
-1.39999968223592e-09,0.001546322688255941
-1.1999996795656336e-09,0.0014351784133168621
-9.999996768953472e-10,0.001391124864341009
-7.999996742250608e-10,0.001312717630383986
-5.999996715547744e-10,0.001197127584447344
-3.9999966888448805e-10,0.001007576075551242
-1.9999966621420166e-10,0.0008422742266418481
3.3645608473285843e-16,0.0007295133077036553
2.0000033912637112e-10,0.0006317063457572658
4.000003417966575e-10,0.0005351118668102117
6.000003444669439e-10,0.0004583212768523026
8.000003471372303e-10,0.0003831473308935074
1.0000003498075167e-09,0.0002982735209400289
1.200000352477803e-09,0.0001968291099956332
1.4000003551480895e-09,0.00010144711404791451
1.6000003578183759e-09,2.263571909111306e-05
1.8000003604886623e-09,-5.253822686768217e-05
2.0000003631589487e-09,-0.00012609552882736352
2.200000365829235e-09,-0.00022188168577486067
2.4000003684995214e-09,-0.00033828005371105974
2.600000371169808e-09,-0.0005096443176171306
2.8000003738400942e-09,-0.0006951542165154478
3.0000003765103806e-09,-0.0008628810314235125
3.200000379180667e-09,-0.001039095227326925
3.4000003818509534e-09,-0.0011983346612396417
3.6000003845212398e-09,-0.001363232349149257
3.800000387191526e-09,-0.0015042845380719427
4.0000003898618126e-09,-0.0016716071919802289
4.200000392532099e-09,-0.0017936638139133265
4.400000395202385e-09,-0.001931078553838006
4.600000397872672e-09,-0.0020402020237781926
4.800000400542958e-09,-0.002179233407701986
5.0000004032132445e-09,-0.0022382409136696424
5.200000405883531e-09,-0.002348981027608943
5.400000408553817e-09,-0.0023667641115991955
5.600000411224104e-09,-0.002427388261565966
5.80000041389439e-09,-0.002420517524569732
6.0000004165646765e-09,-0.002393842898584353
6.200000419234963e-09,-0.002329985460619355
6.400000421905249e-09,-0.0023202855966246716
6.600000424575536e-09,-0.002249961582663218
6.800000427245822e-09,-0.0022143954146827127
7.0000004299161085e-09,-0.0021238633507323357
7.200000432586395e-09,-0.002060410073767116
7.400000435256681e-09,-0.0019347160028360122
7.600000437926968e-09,-0.0018348882358907304
7.800000440597254e-09,-0.001755268518934372
8.00000044326754e-09,-0.0016998984619647217
8.200000445937827e-09,-0.0016328077360014959
8.400000448608113e-09,-0.0015560171460435868
8.6000004512784e-09,-0.00144163958310628
8.800000453948686e-09,-0.0013276661811687518
9.000000456618972e-09,-0.0012464298202132795
9.200000459289259e-09,-0.0011878264752454015
9.400000461959545e-09,-0.0010997193772936953
9.600000464629832e-09,-0.0010160580503395522
9.800000467300118e-09,-0.0008762183444162019
1.0000000469970404e-08,-0.0007291037404968392
1.020000047264069e-08,-0.0005476354515963067
1.0400000475310977e-08,-0.0003637421966971033
1.0600000477981264e-08,-0.000172169882802109
1.080000048065155e-08,4.8097862077156606e-05
1.1000000483321836e-08,0.0002606865479606313
1.1200000485992123e-08,0.0004587254378520811
1.1400000488662409e-08,0.0006628267427402079
1.1600000491332695e-08,0.000876627911623018
1.1800000494002982e-08,0.0010847708265089295
1.2000000496673268e-08,0.0013191842063804415
1.2200000499343555e-08,0.001507523232277208
1.2400000502013841e-08,0.0016607002511932478
1.2600000504684127e-08,0.001807410694112832
1.2800000507354414e-08,0.0019339130870434929
1.30000005100247e-08,0.0020862817839599757
1.3200000512694987e-08,0.002186513711905036
1.3400000515365273e-08,0.0022867456398500963
1.360000051803556e-08,0.0023445406628184173
1.3800000520705846e-08,0.0023869775677951566
1.4000000523376132e-08,0.002442347624764807
1.4200000526046419e-08,0.002483167885742432
1.4400000528716705e-08,0.002492463588737337
1.4600000531386991e-08,0.002458918225755724
1.4800000534057278e-08,0.0024136521937805355
1.5000000536727564e-08,0.0023780860258000303
1.520000053939785e-08,0.002366769517806233
1.5400000542068137e-08,0.0023465614678173097
1.5600000544738423e-08,0.0022932122158465518
1.580000054740871e-08,0.002253604437868262
1.6000000550078996e-08,0.0021889386779037068
1.6200000552749282e-08,0.002178834652909245
1.640000055541957e-08,0.002155393314922094
1.6600000558089855e-08,0.0021359935869327273
1.6800000560760142e-08,0.0020963858089544374
1.7000000563430428e-08,0.0020398032689854517
1.7200000566100714e-08,0.001978774958018903
1.7400000568771e-08,0.0018749055810758364
1.7600000571441287e-08,0.0017609321791383081
1.7800000574111574e-08,0.0016295798542103057
1.800000057678186e-08,0.001482465250290943
1.8200000579452146e-08,0.0013410089003684789
1.8400000582122433e-08,0.001182577788455319
1.860000058479272e-08,0.0010140426515476975
1.8800000587463006e-08,0.0008277244306498233
1.9000000590133292e-08,0.0006147315837665701
1.920000059280358e-08,0.00040860947387955093
1.9400000595473865e-08,0.0002004665589936394
1.960000059814415e-08,4.0418803081365695e-05
1.9800000600814438e-08,-0.00016893659480388123
2.0000000603484724e-08,-0.0003358550877123889
2.020000060615501e-08,-0.0005225774696100416
2.0400000608825297e-08,-0.000667671268530512
2.0600000611495583e-08,-0.0008293356684418995
2.080000061416587e-08,-0.0009513922903749972
2.1000000616836156e-08,-0.001039095227326925
2.1200000619506442e-08,-0.0011534727902642317
2.140000062217673e-08,-0.0012242009652254637
2.1600000624847015e-08,-0.0012815918271940063
2.18000006275173e-08,-0.0013490867141570106
2.2000000630187588e-08,-0.0014000110001290977
2.2200000632857874e-08,-0.0014311313971120398
2.240000063552816e-08,-0.0014537644130996341
2.2600000638198447e-08,-0.00148124736108457
2.2800000640868733e-08,-0.0014974138010757088
2.300000064353902e-08,-0.0015257050710602016
2.3200000646209306e-08,-0.0015568254680431437
2.3400000648879593e-08,-0.0015738002300338394
2.360000065154988e-08,-0.0016198745840085849
2.3800000654220165e-08,-0.0016150246520112432
2.4000000656890452e-08,-0.0016602906839864318
2.4200000659560738e-08,-0.0016340202190008313
2.4400000662231025e-08,-0.0016421034389964007
2.460000066490131e-08,-0.0016465492099939638
2.4800000667571597e-08,-0.0016130038470123509
2.5000000670241884e-08,-0.0015814792890296303
