保存した波形 C3
 1 列目は時間,2 列目は信号値
 
-2.52e-08,0.00014388401902465375
-2.4999999997329714e-08,0.00020733729598987338
-2.4799999994659428e-08,0.00026270735295952363
-2.459999999198914e-08,0.0003152482829307246
-2.4399999989318855e-08,0.0003637476029041409
-2.419999998664857e-08,0.0004013345758835385
-2.3999999983978282e-08,0.000453471344854961
-2.3799999981307996e-08,0.0004963124108314787
-2.359999997863771e-08,0.0005363243498095471
-2.3399999975967423e-08,0.0005722946787898309
-2.3199999973297137e-08,0.0006276647357594811
-2.299999997062685e-08,0.0006624225817404295
-2.2799999967956564e-08,0.000674143250734005
-2.2599999965286278e-08,0.0007121343847131811
-2.239999996261599e-08,0.0007307257907029907
-2.2199999959945705e-08,0.0007517421626914711
-2.199999995727542e-08,0.0007549754506896988
-2.1799999954605132e-08,0.0007658877976837175
-2.1599999951934846e-08,0.0007565920946888127
-2.139999994926456e-08,0.0007287049857040984
-2.1199999946594273e-08,0.0007016261987189409
-2.0999999943923986e-08,0.0006632309037399864
-2.07999999412537e-08,0.0006098816517692285
-2.0599999938583414e-08,0.000576740449787394
-2.0399999935913127e-08,0.0005229870368168577
-2.019999993324284e-08,0.0004571087938529672
-1.9999999930572554e-08,0.00040093041488376
-1.9799999927902268e-08,0.00032373566392607245
-1.9599999925231982e-08,0.0002473492349679418
-1.9399999922561695e-08,0.0001564130100177863
-1.919999991989141e-08,8.406819105744034e-05
-1.8999999917221123e-08,-8.056188960381405e-07
-1.8799999914550836e-08,-8.325446285084581e-05
-1.859999991188055e-08,-0.0001810614247972353
-1.8399999909210263e-08,-0.00024289805776334106
-1.8199999906539977e-08,-0.00033666340971194586
-1.799999990386969e-08,-0.00039365011068071
-1.7799999901199404e-08,-0.0004627616416428282
-1.7599999898529118e-08,-0.0005363189436025095
-1.739999989585883e-08,-0.0005904765175728244
-1.7199999893188545e-08,-0.0006462507355422531
-1.699999989051826e-08,-0.0006850501915209861
-1.6799999887847972e-08,-0.0007371869604924086
-1.6599999885177686e-08,-0.0007565866884817751
-1.63999998825074e-08,-0.0008058943304547483
-1.6199999879837113e-08,-0.0008240815754447794
-1.5999999877166827e-08,-0.000862476870423734
-1.579999987449654e-08,-0.0009016804874022455
-1.5599999871826254e-08,-0.0009449257143785417
-1.5399999869155967e-08,-0.0009711961793641422
-1.519999986648568e-08,-0.0009922125513526225
-1.4999999863815395e-08,-0.0009962541613504072
-1.4799999861145108e-08,-0.001013228923341103
-1.4599999858474822e-08,-0.001007166508344426
-1.4399999855804535e-08,-0.0010160580503395522
-1.4199999853134249e-08,-0.0009914042293530656
-1.3999999850463963e-08,-0.0009881709413548379
-1.3799999847793676e-08,-0.0009655379253672436
-1.359999984512339e-08,-0.0009586671883710096
-1.3399999842453104e-08,-0.0009101678683975933
-1.3199999839782817e-08,-0.0008762183444162019
-1.299999983711253e-08,-0.0008309523124410134
-1.2799999834442244e-08,-0.0007953861444605081
-1.2599999831771958e-08,-0.0007404202484906364
-1.2399999829101672e-08,-0.0006802002595236445
-1.2199999826431385e-08,-0.0006155344995590895
-1.1999999823761099e-08,-0.000529852367606054
-1.1799999821090812e-08,-0.000465186607641499
-1.1599999818420526e-08,-0.0003689962896942234
-1.139999981575024e-08,-0.00028493080174030183
-1.1199999813079953e-08,-0.0001681282728043243
-1.0999999810409667e-08,-7.759620885394725e-05
-1.079999980773938e-08,3.031477808690397e-05
-1.0599999805069094e-08,0.00015317972201955854
-1.0399999802398808e-08,0.0002461367519686064
-1.0199999799728521e-08,0.00035768518790746384
-9.999999797058235e-09,0.0004809542928398969
-9.799999794387948e-09,0.0005799737377856218
-9.599999791717662e-09,0.0006785890217315682
-9.399999789047376e-09,0.000785287525673084
-9.19999978637709e-09,0.0008689488526272271
-8.999999783706803e-09,0.0009534185015809271
-8.799999781036517e-09,0.0010289966085395008
-8.59999977836623e-09,0.0010847708265089295
-8.399999775695944e-09,0.0011296326974843396
-8.199999773025657e-09,0.0011724737634608573
-7.999999770355371e-09,0.0011736862464601927
-7.799999767685085e-09,0.0011862152374533252
-7.599999765014798e-09,0.0011607530944672817
-7.399999762344512e-09,0.0011154870624920932
-7.199999759674225e-09,0.0010900249195060496
-6.999999757003939e-09,0.0010217217105434884
-6.799999754333653e-09,0.0009501852135826994
-6.599999751663366e-09,0.0009053233426072893
-6.39999974899308e-09,0.0008252994646511524
-6.1999997463227934e-09,0.0007747793396788438
-5.999999743652507e-09,0.0007028386817182763
-5.799999740982221e-09,0.0006555518447441955
-5.599999738311934e-09,0.0005852278307827419
-5.399999735641648e-09,0.0005177329438197376
-5.1999997329713615e-09,0.00045549214985385333
-4.999999730301075e-09,0.00039042222888951983
-4.799999727630789e-09,0.0003297980789227495
-4.599999724960502e-09,0.00026634480195752985
-4.399999722290216e-09,0.00019319166099762697
-4.1999997196199295e-09,0.00012165516403683796
-3.999999716949643e-09,3.51647100842456e-05
-3.799999714279357e-09,-6.345057386170083e-05
-3.5999997116090703e-09,-0.00014226196881850228
-3.399999708938784e-09,-0.0002550228877566951
-3.1999997062684975e-09,-0.0003285801897163765
-2.999999703598211e-09,-0.0004219413806652028
-2.7999997009279248e-09,-0.0005189400206120354
-2.5999996982576384e-09,-0.0005916890005721598
-2.399999695587352e-09,-0.000666862946530955
-2.1999996929170656e-09,-0.0007468868244870919
-1.999999690246779e-09,-0.000822869092445444
-1.7999996875764928e-09,-0.0008984471994040177
-1.5999996849062064e-09,-0.0009643254423679082
-1.39999968223592e-09,-0.0010152497283399953
-1.1999996795656336e-09,-0.001084765420301892
-9.999996768953472e-10,-0.0011369021892733144
-7.999996742250608e-10,-0.0011946972122416355
-5.999996715547744e-10,-0.0012504714302110642
-3.9999966888448805e-10,-0.001287250081190905
-1.9999966621420166e-10,-0.0013171579951745116
3.3645608473285843e-16,-0.00131230806317717
2.0000033912637112e-10,-0.0013341327571652073
4.000003417966575e-10,-0.001326049537169638
6.000003444669439e-10,-0.0013058414871807145
8.000003471372303e-10,-0.001258958811206412
1.0000003498075167e-09,-0.0012104594912329958
1.200000352477803e-09,-0.0011239690372804034
1.4000003551480895e-09,-0.001037478583327811
1.6000003578183759e-09,-0.0009711961793641422
1.8000003604886623e-09,-0.0008996596824033531
2.0000003631589487e-09,-0.0008713684124188603
2.200000365829235e-09,-0.000809935940452533
2.4000003684995214e-09,-0.0007222330035006053
2.600000371169808e-09,-0.0006296801345513359
2.8000003738400942e-09,-0.0005395522316007373
3.0000003765103806e-09,-0.0004676115736401698
3.200000379180667e-09,-0.0003766753486900143
3.4000003818509534e-09,-0.00027038100574827695
3.6000003845212398e-09,-0.00015398263781207788
3.800000387191526e-09,2.0235081024111423e-06
4.0000003898618126e-09,0.00019117085599873462
4.200000392532099e-09,0.000381934847894172
4.400000395202385e-09,0.0005549157557993567
4.600000397872672e-09,0.0006959679447220424
4.800000400542958e-09,0.0008228744986524816
5.0000004032132445e-09,0.0009433144765864654
5.200000405883531e-09,0.0010564795565244367
5.400000408553817e-09,0.0011409492054781367
5.600000411224104e-09,0.0012064232874422487
5.80000041389439e-09,0.0011983400674466793
6.0000004165646765e-09,0.0011684321534630726
6.200000419234963e-09,0.0010823458605102587
6.400000421905249e-09,0.0010124260075485836
6.600000424575536e-09,0.0009493768915831424
6.800000427245822e-09,0.0008645030816296639
7.0000004299161085e-09,0.0007929665846688749
7.200000432586395e-09,0.0006785890217315682
7.400000435256681e-09,0.0005916944067791974
7.600000437926968e-09,0.0005537032728000213
7.800000440597254e-09,0.0005524907898006859
8.00000044326754e-09,0.0005993734657749883
8.200000445937827e-09,0.0006058400417714438
8.400000448608113e-09,0.0005423867648062242
8.6000004512784e-09,0.0004231592698715758
8.800000453948686e-09,0.0003168649269298385
9.000000456618972e-09,0.00025624077696306813
9.200000459289259e-09,0.0002724072169542069
9.400000461959545e-09,0.00030393177493692747
9.600000464629832e-09,0.00029099862294401646
9.800000467300118e-09,0.0001746002550078174
1.0000000469970404e-08,1.1319211097315929e-05
1.020000047264069e-08,-0.00010629163983821854
1.0400000475310977e-08,-0.0001446869348171731
1.0600000477981264e-08,-0.00012205391882957883
1.080000048065155e-08,-8.972103884730132e-05
1.1000000483321836e-08,-2.6267761882081686e-05
1.1200000485992123e-08,-2.5863600882303217e-05
1.1400000488662409e-08,-6.708802285970705e-05
1.1600000491332695e-08,-0.00020086531378638028
1.1800000494002982e-08,-0.0003689962896942234
1.2000000496673268e-08,-0.00044780768465102483
1.2200000499343555e-08,-0.00042396218566409516
1.2400000502013841e-08,-0.00036050890869887553
1.2600000504684127e-08,-0.0003075638177278961
1.2800000507354414e-08,-0.00038637521268469754
1.30000005100247e-08,-0.0005217691476104847
1.3200000512694987e-08,-0.0006587797265353856
1.3400000515365273e-08,-0.0007040457585105742
1.360000051803556e-08,-0.0006215969145557665
1.3800000520705846e-08,-0.0004219413806652028
1.4000000523376132e-08,-0.00018550719579479846
1.4200000526046419e-08,-5.698399786524533e-05
1.4400000528716705e-08,-0.0002020777967857157
1.4600000531386991e-08,-0.0003403008587099521
1.4800000534057278e-08,-0.0003879918566838114
1.5000000536727564e-08,-0.00022471081277330995
1.520000053939785e-08,3.51647100842456e-05
1.5400000542068137e-08,0.00030393177493692747
1.5600000544738423e-08,0.0005023748258281557
1.580000054740871e-08,0.000622410642762361
1.6000000550078996e-08,0.0006418103707517275
1.6200000552749282e-08,0.0006624225817404295
1.640000055541957e-08,0.0007671002806830529
1.6600000558089855e-08,0.0009881763475618754
1.6800000560760142e-08,0.0013098885033855368
1.7000000563430428e-08,0.0015645099332459722
1.7200000566100714e-08,0.0016380672352056536
1.7400000568771e-08,0.0015515767812530612
1.7600000571441287e-08,0.0014194161343255018
1.7800000574111574e-08,0.0013345423243720234
1.800000057678186e-08,0.0013296923923746817
1.8200000579452146e-08,0.0014460907603108808
1.8400000582122433e-08,0.0016558503191959062
1.860000058479272e-08,0.0017863943221243517
1.8800000587463006e-08,0.0017205160791604612
1.9000000590133292e-08,0.001600480262226256
1.920000059280358e-08,0.0016328131422085335
1.9400000595473865e-08,0.0017395116461500493
1.960000059814415e-08,0.0018239812951037493
1.9800000600814438e-08,0.0018425727010935589
2.0000000603484724e-08,0.0018365102860968818
2.020000060615501e-08,0.0018183230411068507
2.0400000608825297e-08,0.0017682070771343206
2.0600000611495583e-08,0.0017225368841593536
2.080000061416587e-08,0.0016097759652211607
2.1000000616836156e-08,0.0015665307382448646
2.1200000619506442e-08,0.0015434935612574918
2.140000062217673e-08,0.001475594513294709
2.1600000624847015e-08,0.0013486879593642698
2.18000006275173e-08,0.0012375436844251908
2.2000000630187588e-08,0.0011086163254958592
2.2200000632857874e-08,0.0009554393065798195
2.240000063552816e-08,0.0007375965276992247
2.2600000638198447e-08,0.0005541074337997998
2.2800000640868733e-08,0.0003884014238906275
2.300000064353902e-08,0.00018712924600094993
2.3200000646209306e-08,-0.00012932881682559128
2.3400000648879593e-08,-0.0004506368116494741
2.360000065154988e-08,-0.0005977514155688368
2.3800000654220165e-08,-0.000615130338559311
2.4000000656890452e-08,-0.0005682476625850086
2.4200000659560738e-08,-0.0006466548965420316
2.4400000662231025e-08,-0.0008713684124188603
2.460000066490131e-08,-0.0012092470082336604
2.4800000667571597e-08,-0.0014602309890960896
2.5000000670241884e-08,-0.001527725876059094
