保存した波形 C3
 1 列目は時間,2 列目は信号値
 
-2.52e-08,-0.00034312998570840136
-2.4999999997329714e-08,-0.00033302596071393964
-2.4799999994659428e-08,-0.0003128179107250162
-2.459999999198914e-08,-0.00032009280872102863
-2.4399999989318855e-08,-0.00031847616472191476
-2.419999998664857e-08,-0.00032373025771903485
-2.3999999983978282e-08,-0.0003293885117159334
-2.3799999981307996e-08,-0.000322113613719921
-2.359999997863771e-08,-0.0003257510627179272
-2.3399999975967423e-08,-0.0003176678427223578
-2.3199999973297137e-08,-0.0003051388517292253
-2.299999997062685e-08,-0.0002994805977323267
-2.2799999967956564e-08,-0.00027442261574606164
-2.2599999965286278e-08,-0.00023764396476622096
-2.239999996261599e-08,-0.00020531108478394344
-2.2199999959945705e-08,-0.00018267806879634918
-2.199999995727542e-08,-0.00014266612981828075
-2.1799999954605132e-08,-7.234211585682715e-05
-2.1599999951934846e-08,-5.0921582868568294e-05
-2.139999994926456e-08,-1.1313804890278334e-05
-2.1199999946594273e-08,3.839799808247335e-05
-2.0999999943923986e-08,4.648121807804273e-05
-2.07999999412537e-08,7.234752206386474e-05
-2.0599999938583414e-08,8.406819105744034e-05
-2.0399999935913127e-08,0.00010063879204835757
-2.019999993324284e-08,0.00011155113904237624
-1.9999999930572554e-08,9.578886005101594e-05
-1.9799999927902268e-08,8.285570805810494e-05
-1.9599999925231982e-08,7.396416606297862e-05
-1.9399999922561695e-08,7.113503906452934e-05
-1.919999991989141e-08,7.15392000643078e-05
-1.8999999917221123e-08,8.245154705832647e-05
-1.8799999914550836e-08,8.406819105744034e-05
-1.859999991188055e-08,0.00010346791904680686
-1.8399999909210263e-08,0.00011033865604304083
-1.8199999906539977e-08,0.0001265050960341796
-1.799999990386969e-08,0.0001616671030149064
-1.7799999901199404e-08,0.00019723327099541166
-1.7599999898529118e-08,0.00022592870197968296
-1.739999989585883e-08,0.0002501783619663911
-1.7199999893188545e-08,0.00026755728495686526
-1.699999989051826e-08,0.00025341164996461885
-1.6799999887847972e-08,0.00023886185397259396
-1.6599999885177686e-08,0.00024128681997126478
-1.63999998825074e-08,0.00024532842996904947
-1.6199999879837113e-08,0.00023603272697414468
-1.5999999877166827e-08,0.0002255245409799045
-1.579999987449654e-08,0.0001927874999978485
-1.5599999871826254e-08,0.00013135502803152121
-1.5399999869155967e-08,6.709342906674465e-05
-1.519999986648568e-08,5.537276007316905e-05
-1.4999999863815395e-08,3.395222708491019e-05
-1.4799999861145108e-08,6.466846306807383e-05
-1.4599999858474822e-08,2.4656524090005405e-05
-1.4399999855804535e-08,-4.56674898714482e-05
-1.4199999853134249e-08,-0.00012852049482603434
-1.3999999850463963e-08,-0.00015923673080919798
-1.3799999847793676e-08,-0.00013700787582138219
-1.359999984512339e-08,-9.093352184663672e-05
-1.3399999842453104e-08,-6.830050585904246e-05
-1.3199999839782817e-08,-0.00010992908883622476
-1.299999983711253e-08,-0.0002085443727821712
-1.2799999834442244e-08,-0.0002707851667480554
-1.2599999831771958e-08,-0.00024572718476179034
-1.2399999829101672e-08,-9.133768284641519e-05
-1.2199999826431385e-08,5.6585243072504454e-05
-1.1999999823761099e-08,0.0001329716720306351
-1.1799999821090812e-08,0.00011316778304149011
-1.1599999818420526e-08,3.6377193083581005e-05
-1.139999981575024e-08,1.0106728097980522e-05
-1.1199999813079953e-08,8.083490305921259e-05
-1.0999999810409667e-08,0.00018915005099984228
-1.079999980773938e-08,0.00027038641195531454
-1.0599999805069094e-08,0.00021259138898699348
-1.0399999802398808e-08,5.698940407228292e-05
-1.0199999799728521e-08,-0.0001212455968300219
-9.999999797058235e-09,-0.00016772411180454583
-9.799999794387948e-09,-0.00011235405483489558
-9.599999791717662e-09,1.6977465094214494e-05
-9.399999789047376e-09,6.183933606962455e-05
-9.19999978637709e-09,-4.364668487255585e-05
-8.999999783706803e-09,-0.0002671477177500492
-8.799999781036517e-09,-0.0004740781496366253
-8.59999977836623e-09,-0.0004821613696321947
-8.399999775695944e-09,-0.00028493080174030183
-8.199999773025657e-09,-2.2630312884075465e-05
-7.999999770355371e-09,0.00017379193300826046
-7.799999767685085e-09,0.0001418632140257614
-7.599999765014798e-09,-3.960507487477116e-05
-7.399999762344512e-09,-0.000210969338780842
-7.199999759674225e-09,-0.00020005699178682335
-6.999999757003939e-09,-4.324252387277738e-05
-6.799999754333653e-09,0.0002150163549856643
-6.599999751663366e-09,0.00036778921290192557
-6.39999974899308e-09,0.00037304330589904566
-6.1999997463227934e-09,0.0002408826589714863
-5.999999743652507e-09,9.053476705389585e-05
-5.799999740982221e-09,9.702567098202053e-06
-5.599999738311934e-09,4.8502023076935075e-05
-5.399999735641648e-09,7.962242005987719e-05
-5.1999997329713615e-09,-1.0505482890721396e-05
-4.999999730301075e-09,-0.00021703175377751904
-4.799999727630789e-09,-0.000529852367606054
-4.599999724960502e-09,-0.000856414455427057
-4.399999722290216e-09,-0.0012642129042035322
-4.1999997196199295e-09,-0.0016404867949972868
-3.999999716949643e-09,-0.0019124871478481964
-3.799999714279357e-09,-0.0018530754808807615
-3.5999997116090703e-09,-0.0015826917720289657
-3.399999708938784e-09,-0.0012185427112285652
-3.1999997062684975e-09,-0.0011308397742766374
-2.999999703598211e-09,-0.0012973541061853666
-2.7999997009279248e-09,-0.0015341924520555494
-2.5999996982576384e-09,-0.0013446409431594475
-2.399999695587352e-09,-0.0005302565286058325
-2.1999996929170656e-09,0.0006474686247486261
-1.999999690246779e-09,0.001626346566212078
-1.7999996875764928e-09,0.001962608518027764
-1.5999996849062064e-09,0.0015826971782360033
-1.39999968223592e-09,0.0006502977517470754
-1.1999996795656336e-09,-0.0003871835346842545
-9.999996768953472e-10,-0.0009659420863670221
-7.999996742250608e-10,-0.0010981027332945814
-5.999996715547744e-10,-0.0012799751831948925
-3.9999966888448805e-10,-0.0018183176348998131
-1.9999966621420166e-10,-0.002413646787573498
3.3645608473285843e-16,-0.0029398644092850645
2.0000033912637112e-10,-0.0030105925842462966
4.000003417966575e-10,-0.0027252549184026975
6.000003444669439e-10,-0.0022786570136474893
8.000003471372303e-10,-0.002100017851745406
1.0000003498075167e-09,-0.002232582659672744
1.200000352477803e-09,-0.002441129735558434
1.4000003551480895e-09,-0.002402330279579701
1.6000003578183759e-09,-0.001950074120827594
1.8000003604886623e-09,-0.0012395590832170456
2.0000003631589487e-09,-0.0005136859276149153
2.200000365829235e-09,-1.9801185885626182e-05
2.4000003684995214e-09,0.00010468040204614226
2.600000371169808e-09,5.941437007095374e-05
2.8000003738400942e-09,3.920632008203029e-05
3.0000003765103806e-09,0.00027402386095332076
3.200000379180667e-09,0.0007420422986967878
3.4000003818509534e-09,0.0013284799093753463
3.6000003845212398e-09,0.0017653779501358713
3.800000387191526e-09,0.001859951624084033
4.0000003898618126e-09,0.0016348339472074258
4.200000392532099e-09,0.0012185481174356028
4.400000395202385e-09,0.0008475283196389682
4.600000397872672e-09,0.0006393854047530567
4.800000400542958e-09,0.0003649600859034763
5.0000004032132445e-09,-0.00019763202578815253
5.200000405883531e-09,-0.0011187149442832833
5.400000408553817e-09,-0.001931886875837563
5.600000411224104e-09,-0.002322306401623564
5.80000041389439e-09,-0.002068089132762907
6.0000004165646765e-09,-0.001397586034130427
6.200000419234963e-09,-0.0006276593295524435
6.400000421905249e-09,-3.4350981877651066e-05
6.600000424575536e-09,0.000349197806912116
6.800000427245822e-09,0.0005343035448106548
7.0000004299161085e-09,0.0007371923666994462
7.200000432586395e-09,0.0011183161894905425
7.400000435256681e-09,0.001767802916134542
7.600000437926968e-09,0.0025652125686974614
7.800000440597254e-09,0.003268856869311776
8.00000044326754e-09,0.00382740737100562
8.200000445937827e-09,0.004111128392850105
8.400000448608113e-09,0.004353624992717187
8.6000004512784e-09,0.004689482783533094
8.800000453948686e-09,0.005027361379347894
9.000000456618972e-09,0.00524762912422716
9.200000459289259e-09,0.005100110359308019
9.400000461959545e-09,0.004488614766643195
9.600000464629832e-09,0.003564702721149615
9.800000467300118e-09,0.002706264757620147
1.0000000469970404e-08,0.0020454615229823503
1.020000047264069e-08,0.0016206883122151794
1.0400000475310977e-08,0.0012423936164225324
1.0600000477981264e-08,0.0008418700656420697
1.080000048065155e-08,0.0003152482829307246
1.1000000483321836e-08,-0.0003310051557150473
1.1200000485992123e-08,-0.0010867862253007843
1.1400000488662409e-08,-0.0019153162748466457
1.1600000491332695e-08,-0.0024892248945320716
1.1800000494002982e-08,-0.002536107570506374
1.2000000496673268e-08,-0.001949265798828037
1.2200000499343555e-08,-0.0010698114633100886
1.2400000502013841e-08,-0.00033302596071393964
1.2600000504684127e-08,9.37680550521236e-05
1.2800000507354414e-08,0.00032616062992474326
1.30000005100247e-08,0.0006895013687255869
1.3200000512694987e-08,0.0012702807254072468
1.3400000515365273e-08,0.0017560822471409665
1.360000051803556e-08,0.0017585072131396373
1.3800000520705846e-08,0.001169644636462408
1.4000000523376132e-08,0.00034475203591455283
1.4200000526046419e-08,-0.00031443455472413007
1.4400000528716705e-08,-0.0005856265855754827
1.4600000531386991e-08,-0.0007529492394837689
1.4800000534057278e-08,-0.0011340730622748652
1.5000000536727564e-08,-0.001832059108892281
1.520000053939785e-08,-0.002662609963437035
1.5400000542068137e-08,-0.0033403879600655273
1.5600000544738423e-08,-0.003742528154845104
1.580000054740871e-08,-0.003921167316747187
1.6000000550078996e-08,-0.0041256727826350925
1.6200000552749282e-08,-0.004364127772504389
1.640000055541957e-08,-0.004559741696397168
1.6600000558089855e-08,-0.0045460002224047
1.6800000560760142e-08,-0.0043996939404848945
1.7000000563430428e-08,-0.004226308871579931
1.7200000566100714e-08,-0.004029078303688038
1.7400000568771e-08,-0.0037033245378665924
1.7600000571441287e-08,-0.003296334411089674
1.7800000574111574e-08,-0.002928143740291489
1.800000057678186e-08,-0.002810937050355733
1.8200000579452146e-08,-0.002847311540335795
1.8400000582122433e-08,-0.0028432699303380105
1.860000058479272e-08,-0.0025122620715194444
1.8800000587463006e-08,-0.0019145079528470887
1.9000000590133292e-08,-0.00140203180512799
1.920000059280358e-08,-0.0012638087432037537
1.9400000595473865e-08,-0.0016376576679988375
1.960000059814415e-08,-0.0023271563336209056
1.9800000600814438e-08,-0.0030243340582387646
2.0000000603484724e-08,-0.0036164299229142216
2.020000060615501e-08,-0.003997553745705318
2.0400000608825297e-08,-0.00419235934759854
2.0600000611495583e-08,-0.004434047625466064
2.080000061416587e-08,-0.004814767287257382
2.1000000616836156e-08,-0.00525085700601835
2.1200000619506442e-08,-0.005575802449840239
2.140000062217673e-08,-0.005763333153737449
2.1600000624847015e-08,-0.005752824967743209
2.18000006275173e-08,-0.005609347812821852
2.2000000630187588e-08,-0.005426262879922206
2.2200000632857874e-08,-0.005263385997011483
2.240000063552816e-08,-0.005127587901085917
2.2600000638198447e-08,-0.0048236588292525084
2.2800000640868733e-08,-0.004236412896574393
2.300000064353902e-08,-0.0033500878240602106
2.3200000646209306e-08,-0.002374039009595208
2.3400000648879593e-08,-0.0015341924520555494
2.360000065154988e-08,-0.0009319925623856307
2.3800000654220165e-08,-0.0005484437735958636
2.4000000656890452e-08,-0.000230773227769987
2.4200000659560738e-08,0.0001159969100399394
2.4400000662231025e-08,0.0005031831478277127
2.460000066490131e-08,0.0008269161086502663
2.4800000667571597e-08,0.0009053233426072893
2.5000000670241884e-08,0.0007359798837001108
