保存した波形 C3
 1 列目は時間,2 列目は信号値
 
-2.52e-08,0.00011518858804038246
-2.4999999997329714e-08,0.00011438026604082552
-2.4799999994659428e-08,0.00012529261303484418
-2.459999999198914e-08,0.00011114697804259777
-2.4399999989318855e-08,0.00010912617304370542
-2.419999998664857e-08,9.821382604968676e-05
-2.3999999983978282e-08,8.770564005544657e-05
-2.3799999981307996e-08,9.578886005101594e-05
-2.359999997863771e-08,7.477248806253556e-05
-2.3399999975967423e-08,9.134308905345279e-05
-2.3199999973297137e-08,0.00010670120704503461
-2.299999997062685e-08,0.0001054887240456992
-2.2799999967956564e-08,9.013060605411738e-05
-2.2599999965286278e-08,0.0001236759690357303
-2.239999996261599e-08,0.00012286764703617337
-2.2199999959945705e-08,0.00014388401902465375
-2.199999995727542e-08,0.0001471173070228815
-2.1799999954605132e-08,0.00014954227302155232
-2.1599999951934846e-08,0.00016045462001557098
-2.139999994926456e-08,0.00015964629801601404
-2.1199999946594273e-08,0.00015398804401911548
-2.0999999943923986e-08,0.00015439220501889395
-2.07999999412537e-08,0.00013903408702731213
-2.0599999938583414e-08,0.00014388401902465375
-2.0399999935913127e-08,0.0001301425450321858
-2.019999993324284e-08,0.0001119553000421547
-1.9999999930572554e-08,8.810980105522503e-05
-1.9799999927902268e-08,6.951839506541546e-05
-1.9599999925231982e-08,5.5776921072947516e-05
-1.9399999922561695e-08,3.880215908225182e-05
-1.919999991989141e-08,4.122712508092263e-05
-1.8999999917221123e-08,2.263571909111306e-05
-1.8799999914550836e-08,7.277601099531239e-06
-1.859999991188055e-08,-2.4222628951520164e-06
-1.8399999909210263e-08,-1.8992863886069244e-05
-1.8199999906539977e-08,-3.192601587898025e-05
-1.799999990386969e-08,-4.2838362872998914e-05
-1.7799999901199404e-08,-6.627970086015011e-05
-1.7599999898529118e-08,-6.749218385948552e-05
-1.739999989585883e-08,-9.78042588428707e-05
-1.7199999893188545e-08,-0.00011558734283312333
-1.699999989051826e-08,-0.00013377458782315443
-1.6799999887847972e-08,-0.00014751606181562238
-1.6599999885177686e-08,-0.00013902868082027453
-1.63999998825074e-08,-0.00015438679881185635
-1.6199999879837113e-08,-0.0001576200868100841
-1.5999999877166827e-08,-0.00016085337480831186
-1.579999987449654e-08,-0.0001669157898049889
-1.5599999871826254e-08,-0.0001551951208114133
-1.5399999869155967e-08,-0.00017095739980277358
-1.519999986648568e-08,-0.00015196183281318554
-1.4999999863815395e-08,-0.00017257404380188746
-1.4799999861145108e-08,-0.00017297820480166592
-1.4599999858474822e-08,-0.00017499900980055827
-1.4399999855804535e-08,-0.00016044921380853339
-1.4199999853134249e-08,-0.00018267806879634918
-1.3999999850463963e-08,-0.00017499900980055827
-1.3799999847793676e-08,-0.00018712383979391234
-1.359999984512339e-08,-0.00018510303479502
-1.3399999842453104e-08,-0.0001968237037885956
-1.3199999839782817e-08,-0.0002057152457837219
-1.299999983711253e-08,-0.0002174359147772975
-1.2799999834442244e-08,-0.00023117738876976546
-1.2599999831771958e-08,-0.00024208973576378412
-1.2399999829101672e-08,-0.00026512691275115685
-1.2199999826431385e-08,-0.0002719976497473908
-1.1999999823761099e-08,-0.00029139737773675733
-1.1799999821090812e-08,-0.0002930140217358712
-1.1599999818420526e-08,-0.00029624730973409896
-1.139999981575024e-08,-0.0002837183187409664
-1.1199999813079953e-08,-0.0002776559037442894
-1.0999999810409667e-08,-0.00027927254774340327
-1.079999980773938e-08,-0.00026755187874982767
-1.0599999805069094e-08,-0.00024411054076267646
-1.0399999802398808e-08,-0.00024411054076267646
-1.0199999799728521e-08,-0.00023036906677020852
-9.999999797058235e-09,-0.0002162234317779621
-9.799999794387948e-09,-0.00020409860178460804
-9.599999791717662e-09,-0.00019318625479058937
-9.399999789047376e-09,-0.00019722786478837406
-9.19999978637709e-09,-0.00016489498480609655
-8.999999783706803e-09,-0.0001669157898049889
-8.799999781036517e-09,-0.00014670773981606544
-8.59999977836623e-09,-0.00014266612981828075
-8.399999775695944e-09,-0.0001341787488229329
-8.199999773025657e-09,-0.000126499689827142
-7.999999770355371e-09,-0.00011760814783201567
-7.799999767685085e-09,-0.00011397069883400945
-7.599999765014798e-09,-9.3762648845086e-05
-7.399999762344512e-09,-8.365862385062428e-05
-7.199999759674225e-09,-9.25501658457506e-05
-6.999999757003939e-09,-6.749218385948552e-05
-6.799999754333653e-09,-8.0829496852175e-05
-6.599999751663366e-09,-6.749218385948552e-05
-6.39999974899308e-09,-5.7792319864802266e-05
-6.1999997463227934e-09,-5.617567586568839e-05
-5.999999743652507e-09,-4.364668487255585e-05
-5.799999740982221e-09,-1.9801185885626182e-05
-5.599999738311934e-09,-1.4951253888284555e-05
-5.399999735641648e-09,-4.038906894265892e-06
-5.1999997329713615e-09,8.490084098866646e-06
-4.999999730301075e-09,6.87344009975277e-06
-4.799999727630789e-09,3.152726108623938e-05
-4.599999724960502e-09,4.0014642081587226e-05
-4.399999722290216e-09,5.496859907339058e-05
-4.1999997196199295e-09,6.709342906674465e-05
-3.999999716949643e-09,6.50726240678523e-05
-3.799999714279357e-09,5.779772607183986e-05
-3.5999997116090703e-09,7.800577606076331e-05
-3.399999708938784e-09,7.55808100620925e-05
-3.1999997062684975e-09,6.345598006873843e-05
-2.999999703598211e-09,6.830591206608005e-05
-2.7999997009279248e-09,6.0222692070510675e-05
-2.5999996982576384e-09,6.183933606962455e-05
-2.399999695587352e-09,6.0222692070510675e-05
-2.1999996929170656e-09,7.073087806475087e-05
-1.999999690246779e-09,8.487651305699728e-05
-1.7999996875764928e-09,7.356000506320015e-05
-1.5999996849062064e-09,7.113503906452934e-05
-1.39999968223592e-09,6.0222692070510675e-05
-1.1999996795656336e-09,5.941437007095374e-05
-9.999996768953472e-10,5.739356507206139e-05
-7.999996742250608e-10,5.6181082072725985e-05
-5.999996715547744e-10,7.396416606297862e-05
-3.9999966888448805e-10,6.588094606740924e-05
-1.9999966621420166e-10,5.86060480713968e-05
3.3645608473285843e-16,4.607705707826426e-05
2.0000033912637112e-10,3.3143905085353254e-05
4.000003417966575e-10,3.2335583085796316e-05
6.000003444669439e-10,2.8293973088011626e-05
8.000003471372303e-10,3.395222708491019e-05
1.0000003498075167e-09,1.940243109288531e-05
1.200000352477803e-09,3.2739744085574785e-05
1.4000003551480895e-09,2.8698134087790095e-05
1.6000003578183759e-09,3.435638808468866e-05
1.8000003604886623e-09,2.263571909111306e-05
2.0000003631589487e-09,3.758967608291641e-05
2.200000365829235e-09,2.7485651088454688e-05
2.4000003684995214e-09,2.4252363090226936e-05
2.600000371169808e-09,3.2359911017465492e-06
2.8000003738400942e-09,-1.6139408955950785e-06
3.0000003765103806e-09,-2.9501049880309438e-05
3.200000379180667e-09,-4.122171887388504e-05
3.4000003818509534e-09,-4.970909986923289e-05
3.6000003845212398e-09,-5.900480286413767e-05
3.800000387191526e-09,-6.38547348614793e-05
4.0000003898618126e-09,-7.880869185328265e-05
4.200000392532099e-09,-9.90167418422061e-05
4.400000395202385e-09,-8.891271684774438e-05
4.600000397872672e-09,-0.00010467499583910467
4.800000400542958e-09,-0.00013134962182448362
5.0000004032132445e-09,-0.00014670773981606544
5.200000405883531e-09,-0.00014428277381739463
5.400000408553817e-09,-0.00015398263781207788
5.600000411224104e-09,-0.00014832438381517932
5.80000041389439e-09,-0.0001640866628065396
6.0000004165646765e-09,-0.0001693407558036597
6.200000419234963e-09,-0.00016610746780543195
6.400000421905249e-09,-0.00016974491680343817
6.600000424575536e-09,-0.0001786364587985645
6.800000427245822e-09,-0.00018712383979391234
7.0000004299161085e-09,-0.00018914464479280468
7.200000432586395e-09,-0.0001798489417978999
7.400000435256681e-09,-0.00017419068780100133
7.600000437926968e-09,-0.0001705532388029951
7.800000440597254e-09,-0.00015842840880964104
8.00000044326754e-09,-0.00016853243380410277
8.200000445937827e-09,-0.00016610746780543195
8.400000448608113e-09,-0.0001705532388029951
8.6000004512784e-09,-0.00017944478079812143
8.800000453948686e-09,-0.000172169882802109
9.000000456618972e-09,-0.00017095739980277358
9.200000459289259e-09,-0.0001822739077965707
9.400000461959545e-09,-0.00019076128879191856
9.600000464629832e-09,-0.00018591135679457693
9.800000467300118e-09,-0.0001786364587985645
1.0000000469970404e-08,-0.00016570330680565348
1.020000047264069e-08,-0.00016570330680565348
1.0400000475310977e-08,-0.00014832438381517932
1.0600000477981264e-08,-0.0001458994178165085
1.080000048065155e-08,-0.0001458994178165085
1.1000000483321836e-08,-0.00013094546082470515
1.1200000485992123e-08,-0.0001236705628286927
1.1400000488662409e-08,-0.00012569136782758505
1.1600000491332695e-08,-0.00012609552882736352
1.1800000494002982e-08,-0.00011639566483268027
1.2000000496673268e-08,-0.00011679982583245874
1.2200000499343555e-08,-0.00011437485983378792
1.2400000502013841e-08,-0.00011397069883400945
1.2600000504684127e-08,-0.0001159915038329018
1.2800000507354414e-08,-0.00010103754684109845
1.30000005100247e-08,-0.00011437485983378792
1.3200000512694987e-08,-8.002117485261806e-05
1.3400000515365273e-08,-9.052936084685825e-05
1.360000051803556e-08,-6.749218385948552e-05
1.3800000520705846e-08,-6.749218385948552e-05
1.4000000523376132e-08,-7.638372585461184e-05
1.4200000526046419e-08,-6.830050585904246e-05
1.4400000528716705e-08,-7.112963285749174e-05
1.4600000531386991e-08,-7.961701385283959e-05
1.4800000534057278e-08,-7.961701385283959e-05
1.5000000536727564e-08,-6.991714985815634e-05
1.520000053939785e-08,-6.587553986037165e-05
1.5400000542068137e-08,-6.587553986037165e-05
1.5600000544738423e-08,-5.4963192866352983e-05
1.580000054740871e-08,-6.38547348614793e-05
1.6000000550078996e-08,-5.657983686546686e-05
1.6200000552749282e-08,-7.678788685439031e-05
1.640000055541957e-08,-5.8196480864580735e-05
1.6600000558089855e-08,-5.0921582868568294e-05
1.6800000560760142e-08,-4.970909986923289e-05
1.7000000563430428e-08,-5.334654886723911e-05
1.7200000566100714e-08,-5.4963192866352983e-05
1.7400000568771e-08,-6.870466685882093e-05
1.7600000571441287e-08,-5.7792319864802266e-05
1.7800000574111574e-08,-6.142976886280849e-05
1.800000057678186e-08,-7.193795485704868e-05
1.8200000579452146e-08,-7.395875985594103e-05
1.8400000582122433e-08,-6.789634485926399e-05
1.860000058479272e-08,-7.072547185771327e-05
1.8800000587463006e-08,-8.72960728486305e-05
1.9000000590133292e-08,-8.002117485261806e-05
1.920000059280358e-08,-7.961701385283959e-05
1.9400000595473865e-08,-7.840453085350418e-05
1.960000059814415e-08,-7.921285285306112e-05
1.9800000600814438e-08,-6.38547348614793e-05
2.0000000603484724e-08,-7.759620885394725e-05
2.020000060615501e-08,-8.325446285084581e-05
2.0400000608825297e-08,-8.244614085128887e-05
2.0600000611495583e-08,-8.648775084907356e-05
2.080000061416587e-08,-8.60835898492951e-05
2.1000000616836156e-08,-7.315043785638409e-05
2.1200000619506442e-08,-7.800036985372572e-05
2.140000062217673e-08,-8.0829496852175e-05
2.1600000624847015e-08,-7.921285285306112e-05
2.18000006275173e-08,-7.315043785638409e-05
2.2000000630187588e-08,-6.951298885837787e-05
2.2200000632857874e-08,-7.315043785638409e-05
2.240000063552816e-08,-6.547137886059318e-05
2.2600000638198447e-08,-6.142976886280849e-05
2.2800000640868733e-08,-6.345057386170083e-05
2.300000064353902e-08,-4.768829487034054e-05
2.3200000646209306e-08,-4.2838362872998914e-05
2.3400000648879593e-08,-5.253822686768217e-05
2.360000065154988e-08,-5.940896386391614e-05
2.3800000654220165e-08,-4.890077786967595e-05
2.4000000656890452e-08,-4.970909986923289e-05
2.4200000659560738e-08,-4.2030040873441976e-05
2.4400000662231025e-08,-5.0517421868789825e-05
2.460000066490131e-08,-5.0113260869011356e-05
2.4800000667571597e-08,-6.062144686325155e-05
2.5000000670241884e-08,-4.526332887166973e-05
