保存した波形 C3
 1 列目は時間,2 列目は信号値
 
-2.52e-08,-3.677594787632188e-05
-2.4999999997329714e-08,7.277601099531239e-06
-2.4799999994659428e-08,4.526873507870732e-05
-2.459999999198914e-08,7.881409806032025e-05
-2.4399999989318855e-08,0.00011882603703838868
-2.419999998664857e-08,0.0001459048240235461
-2.3999999983978282e-08,0.00019359582199740544
-2.3799999981307996e-08,0.00022350373598101214
-2.359999997863771e-08,0.00023401192197525233
-2.3399999975967423e-08,0.00028089459794955474
-2.3199999973297137e-08,0.0003128233169320538
-2.299999997062685e-08,0.0003528352559101222
-2.2799999967956564e-08,0.00036657672990259016
-2.2599999965286278e-08,0.0003985054488850892
-2.239999996261599e-08,0.00042679671886958204
-2.2199999959945705e-08,0.00045387550585473946
-2.199999995727542e-08,0.0004829750978387892
-2.1799999954605132e-08,0.0005003540208292634
-2.1599999951934846e-08,0.0005282411298139778
-2.139999994926456e-08,0.000544003408805338
-2.1199999946594273e-08,0.0005456200528044519
-2.0999999943923986e-08,0.0005254120028155285
-2.07999999412537e-08,0.0005435992478055596
-2.0599999938583414e-08,0.000511266367823282
-2.0399999935913127e-08,0.0005039914698272696
-2.019999993324284e-08,0.0004635753698494227
-1.9999999930572554e-08,0.0004401340318622715
-1.9799999927902268e-08,0.00039810128788531074
-1.9599999925231982e-08,0.0003645559249036978
-1.9399999922561695e-08,0.00031848157092895235
-1.919999991989141e-08,0.0002618990309599667
-1.8999999917221123e-08,0.00020733729598987338
-1.8799999914550836e-08,0.00015156307802044466
-1.859999991188055e-08,7.719745406120637e-05
-1.8399999909210263e-08,2.1827397091556122e-05
-1.8199999906539977e-08,-4.445500687211279e-05
-1.799999990386969e-08,-0.00010588747883844007
-1.7799999901199404e-08,-0.0001758073318001152
-1.7599999898529118e-08,-0.00023117738876976546
-1.739999989585883e-08,-0.0003103929447263454
-1.7199999893188545e-08,-0.0003455549517070722
-1.699999989051826e-08,-0.0004207288976658674
-1.6799999887847972e-08,-0.00047246150563751144
-1.6599999885177686e-08,-0.0005124734446155799
-1.63999998825074e-08,-0.0005577394765907684
-1.6199999879837113e-08,-0.0006030055085659569
-1.5999999877166827e-08,-0.0006308926175506713
-1.579999987449654e-08,-0.0006753503275263029
-1.5599999871826254e-08,-0.0006826252255223153
-1.5399999869155967e-08,-0.0007218288425008268
-1.519999986648568e-08,-0.0007497159514855412
-1.4999999863815395e-08,-0.0007355703164932947
-1.4799999861145108e-08,-0.0007679031964755723
-1.4599999858474822e-08,-0.0007561825274819967
-1.4399999855804535e-08,-0.0007541617224831043
-1.4199999853134249e-08,-0.0007545658834828828
-1.3999999850463963e-08,-0.0007359744774930732
-1.3799999847793676e-08,-0.0007189997155023775
-1.359999984512339e-08,-0.0006878793185194354
-1.3399999842453104e-08,-0.0006882834795192139
-1.3199999839782817e-08,-0.0006628213365331703
-1.299999983711253e-08,-0.0006373591935471268
-1.2799999834442244e-08,-0.0006021971865664
-1.2599999831771958e-08,-0.0005739059165819071
-1.2399999829101672e-08,-0.0005403605536002942
-1.2199999826431385e-08,-0.0005181316986124784
-1.1999999823761099e-08,-0.0004995402926226689
-1.1799999821090812e-08,-0.0004611449976437143
-1.1599999818420526e-08,-0.00041749560966763966
-1.139999981575024e-08,-0.0003815252806873559
-1.1199999813079953e-08,-0.00034312998570840136
-1.0999999810409667e-08,-0.0002958431487343205
-1.079999980773938e-08,-0.0002344106767679932
-1.0599999805069094e-08,-0.00019601538178903866
-1.0399999802398808e-08,-0.00011760814783201567
-1.0199999799728521e-08,-5.981312486369461e-05
-9.999999797058235e-09,4.068641032972664e-07
-9.799999794387948e-09,6.426430206829536e-05
-9.599999791717662e-09,0.00013903408702731213
-9.399999789047376e-09,0.00018995837299939922
-9.19999978637709e-09,0.00025219916696528344
-8.999999783706803e-09,0.0003176732489293954
-8.799999781036517e-09,0.0003702141789005964
-8.59999977836623e-09,0.000427605040869139
-8.399999775695944e-09,0.0004946957668323648
-8.199999773025657e-09,0.0005468325358037873
-7.999999770355371e-09,0.0005872486357816342
-7.799999767685085e-09,0.0006337271507561582
-7.599999765014798e-09,0.0006733349287344481
-7.399999762344512e-09,0.0007117302237134027
-7.199999759674225e-09,0.000706880291716061
-6.999999757003939e-09,0.0007278966637045414
-6.799999754333653e-09,0.0007226425707074213
-6.599999751663366e-09,0.0007214300877080859
-6.39999974899308e-09,0.00069394713972315
-6.1999997463227934e-09,0.000662018420740651
-5.999999743652507e-09,0.0006308980237577089
-5.799999740982221e-09,0.0005953318557772036
-5.599999738311934e-09,0.0005391534768079964
-5.399999735641648e-09,0.0004975248938308141
-5.1999997329713615e-09,0.00045549214985385333
-4.999999730301075e-09,0.0004013345758835385
-4.799999727630789e-09,0.000349197806912116
-4.599999724960502e-09,0.00029625271594113656
-4.399999722290216e-09,0.00022350373598101214
-4.1999997196199295e-09,0.00016207126401468486
-3.999999716949643e-09,8.85139620550035e-05
-3.799999714279357e-09,4.4864574078928854e-05
-3.5999997116090703e-09,-3.7988430875657286e-05
-3.399999708938784e-09,-0.00010467499583910467
-3.1999997062684975e-09,-0.0002174359147772975
-2.999999703598211e-09,-0.0003176678427223578
-2.7999997009279248e-09,-0.00042153721966542435
-2.5999996982576384e-09,-0.0005148984106142507
-2.399999695587352e-09,-0.0006502923455400378
-2.1999996929170656e-09,-0.0007759864164711416
-1.999999690246779e-09,-0.000889151496409113
-1.7999996875764928e-09,-0.0009885751023546163
-1.5999996849062064e-09,-0.001026162075334014
-1.39999968223592e-09,-0.0010855737423014489
-1.1999996795656336e-09,-0.0011247773592799604
-9.999996768953472e-10,-0.0011870181532458446
-7.999996742250608e-10,-0.0012367299562185963
-5.999996715547744e-10,-0.0012145011012307805
-3.9999966888448805e-10,-0.0011526644682646747
-1.9999966621420166e-10,-0.0010496034133211651
3.3645608473285843e-16,-0.0009287592743874029
2.0000033912637112e-10,-0.0008628810314235125
4.000003417966575e-10,-0.0008572227774266139
6.000003444669439e-10,-0.0008782391494150943
8.000003471372303e-10,-0.0008851098864113283
1.0000003498075167e-09,-0.0009186552493929412
1.200000352477803e-09,-0.0009825126873579393
1.4000003551480895e-09,-0.0010952736062961321
1.6000003578183759e-09,-0.0012577463282070767
1.8000003604886623e-09,-0.001430323075112483
2.0000003631589487e-09,-0.0015636962050393777
2.200000365829235e-09,-0.0016469533709937423
2.4000003684995214e-09,-0.00168979443697026
2.600000371169808e-09,-0.0016865611489720322
2.8000003738400942e-09,-0.0015972415680209906
3.0000003765103806e-09,-0.0013664656371474848
3.200000379180667e-09,-0.0010023165763470843
3.4000003818509534e-09,-0.0005593561205898823
3.6000003845212398e-09,-6.021728586347308e-05
3.800000387191526e-09,0.0003920388728886337
4.0000003898618126e-09,0.0008277244306498233
4.200000392532099e-09,0.0011979359064469008
4.400000395202385e-09,0.0014917609532858478
4.600000397872672e-09,0.0017156661471631196
4.800000400542958e-09,0.0018579308190851407
5.0000004032132445e-09,0.0018627807510824823
5.200000405883531e-09,0.0017366825191516
5.400000408553817e-09,0.001502269139280088
5.600000411224104e-09,0.0012019775164446855
5.80000041389439e-09,0.0008588448276327654
6.0000004165646765e-09,0.0005464283748040089
6.200000419234963e-09,0.0002994860039393643
6.400000421905249e-09,9.295973305256666e-05
6.600000424575536e-09,-1.737621988695537e-05
6.800000427245822e-09,-8.20419798515104e-05
7.0000004299161085e-09,-7.800036985372572e-05
7.200000432586395e-09,-2.505527888274628e-05
7.400000435256681e-09,8.568483505655422e-05
7.600000437926968e-09,0.00023158695597658152
7.800000440597254e-09,0.00042639255786980357
8.00000044326754e-09,0.0006195815157639117
8.200000445937827e-09,0.0008107496686591276
8.400000448608113e-09,0.0009942387625585525
8.6000004512784e-09,0.0011462032984752568
8.800000453948686e-09,0.001268664081408133
9.000000456618972e-09,0.001385870771343889
9.200000459289259e-09,0.0014481115653097731
9.400000461959545e-09,0.0015386436292601502
9.600000464629832e-09,0.0015863346272340095
9.800000467300118e-09,0.0016501920651990076
1.0000000469970404e-08,0.0016744417251857158
1.020000047264069e-08,0.0016893956821775191
1.0400000475310977e-08,0.001663529378191697
1.0600000477981264e-08,0.0015855263052344526
1.080000048065155e-08,0.0015038857832792019
1.1000000483321836e-08,0.0013608127893576238
1.1200000485992123e-08,0.0011631780604659525
1.1400000488662409e-08,0.0009259355535959912
1.1600000491332695e-08,0.0006547435227446385
1.1800000494002982e-08,0.00037950988189550117
1.2000000496673268e-08,0.00010225543604747145
1.2200000499343555e-08,-0.0001159915038329018
1.2400000502013841e-08,-0.00027846422574384633
1.2600000504684127e-08,-0.00039122514468203917
1.2800000507354414e-08,-0.000406583262673621
1.30000005100247e-08,-0.0003508090447041923
1.3200000512694987e-08,-0.00017742397579922908
1.3400000515365273e-08,5.33519550742767e-05
1.360000051803556e-08,0.00037991404289527964
1.3800000520705846e-08,0.0006773765387322328
1.4000000523376132e-08,0.0009970678895570018
1.4200000526046419e-08,0.0012763431404039238
1.4400000528716705e-08,0.0014941859192845186
1.4600000531386991e-08,0.001703945478169544
1.4800000534057278e-08,0.0018276187441017555
1.5000000536727564e-08,0.0018344894810979895
1.520000053939785e-08,0.001743553256147834
1.5400000542068137e-08,0.0015847179832348957
1.5600000544738423e-08,0.0013563670183600607
1.580000054740871e-08,0.0010787084115122525
1.6000000550078996e-08,0.000765483636683939
1.6200000552749282e-08,0.00046721281884742893
1.640000055541957e-08,0.00015722133201734323
1.6600000558089855e-08,-0.00011033324983600323
1.6800000560760142e-08,-0.00032494274071837026
1.7000000563430428e-08,-0.00048660714062975785
1.7200000566100714e-08,-0.0006009847035670646
1.7400000568771e-08,-0.0006098762455621909
1.7600000571441287e-08,-0.0005536978665929837
1.7800000574111574e-08,-0.0004114331946709626
1.800000057678186e-08,-0.00019641954278881713
1.8200000579452146e-08,0.00013580079902908437
1.8400000582122433e-08,0.0005464283748040089
1.860000058479272e-08,0.001034250701536621
1.8800000587463006e-08,0.001566126577245086
1.9000000590133292e-08,0.0020717319879679508
1.920000059280358e-08,0.0025530877387041073
1.9400000595473865e-08,0.002992410745463303
1.960000059814415e-08,0.0033488807472679127
1.9800000600814438e-08,0.0036220935831181578
2.0000000603484724e-08,0.0037494042980483755
2.020000060615501e-08,0.003765166577039736
2.0400000608825297e-08,0.0036418974721073027
2.0600000611495583e-08,0.003394955101242658
2.080000061416587e-08,0.0030287852354433653
2.1000000616836156e-08,0.0025599584757003413
2.1200000619506442e-08,0.0020301034049907685
2.140000062217673e-08,0.001495398402283854
2.1600000624847015e-08,0.0009675641365731735
2.18000006275173e-08,0.0005088414018246112
2.2000000630187588e-08,8.528067405677575e-05
2.2200000632857874e-08,-0.0002465355067613473
2.240000063552816e-08,-0.0004647824466417205
2.2600000638198447e-08,-0.000621192753555988
2.2800000640868733e-08,-0.0006967708605145617
2.300000064353902e-08,-0.0006583755655356072
2.3200000646209306e-08,-0.0005488479345956421
2.3400000648879593e-08,-0.0003491924007050784
2.360000065154988e-08,-0.0001927820937908109
2.3800000654220165e-08,-5.655550893379768e-06
2.4000000656890452e-08,0.0001418632140257614
2.4200000659560738e-08,0.0002671531239570868
2.4400000662231025e-08,0.000375064110897938
2.460000066490131e-08,0.00046802114084698587
2.4800000667571597e-08,0.0005282411298139778
2.5000000670241884e-08,0.000550874145801572
