保存した波形 C3
 1 列目は時間,2 列目は信号値
 
-2.52e-08,0.0008709696576261194
-2.4999999997329714e-08,0.0008851152926183659
-2.4799999994659428e-08,0.0009218939435982065
-2.459999999198914e-08,0.0009332104515920037
-2.4399999989318855e-08,0.00094210199358713
-2.419999998664857e-08,0.0009518018575818132
-2.3999999983978282e-08,0.0009509935355822563
-2.3799999981307996e-08,0.000955035145580041
-2.359999997863771e-08,0.0009344229345913391
-2.3399999975967423e-08,0.0009299771635937759
-2.3199999973297137e-08,0.0009125982406033017
-2.299999997062685e-08,0.0008822861656199166
-2.2799999967956564e-08,0.0008479324806387467
-2.2599999965286278e-08,0.0008176204056553615
-2.239999996261599e-08,0.0007545712896899204
-2.2199999959945705e-08,0.0006838431147286883
-2.199999995727542e-08,0.0006300897017581519
-2.1799999954605132e-08,0.000576740449787394
-2.1599999951934846e-08,0.0004829750978387892
-2.139999994926456e-08,0.00041386356687667103
-2.1199999946594273e-08,0.0003192898929285093
-2.0999999943923986e-08,0.00022188709198189827
-2.07999999412537e-08,0.0001341841550299705
-2.0599999938583414e-08,4.4056252079371916e-05
-2.0399999935913127e-08,-5.253822686768217e-05
-2.019999993324284e-08,-0.00015964089180897645
-1.9999999930572554e-08,-0.00024411054076267646
-1.9799999927902268e-08,-0.0003475757567059645
-1.9599999925231982e-08,-0.00043689533765700617
-1.9399999922561695e-08,-0.0005330856556042818
-1.919999991989141e-08,-0.0006244260415542158
-1.8999999917221123e-08,-0.0007088956905079158
-1.8799999914550836e-08,-0.000797811110459179
-1.859999991188055e-08,-0.0008940014284064546
-1.8399999909210263e-08,-0.0009768544333610407
-1.8199999906539977e-08,-0.0010467742863227159
-1.799999990386969e-08,-0.0011312439352764159
-1.7799999901199404e-08,-0.0012136927792312235
-1.7599999898529118e-08,-0.0012682545142013169
-1.739999989585883e-08,-0.0013547449681539092
-1.7199999893188545e-08,-0.0013927361021330853
-1.699999989051826e-08,-0.0014594226670965327
-1.6799999887847972e-08,-0.0015168135290650753
-1.6599999885177686e-08,-0.001578650162031181
-1.63999998825074e-08,-0.00164493256599485
-1.6199999879837113e-08,-0.0017007067839642787
-1.5999999877166827e-08,-0.0017637558999297198
-1.579999987449654e-08,-0.0018033636779080098
-1.5599999871826254e-08,-0.0018813667508652543
-1.5399999869155967e-08,-0.0019472449938291447
-1.519999986648568e-08,-0.002007060821796358
-1.4999999863815395e-08,-0.002068089132762907
-1.4799999861145108e-08,-0.002125075833731671
-1.4599999858474822e-08,-0.0021719585097059735
-1.4399999855804535e-08,-0.0022192453466800544
-1.4199999853134249e-08,-0.002267340505653692
-1.3999999850463963e-08,-0.0022952276146384065
-1.3799999847793676e-08,-0.002335239553616475
-1.359999984512339e-08,-0.0023546392816058415
-1.3399999842453104e-08,-0.0023712098825967587
-1.3199999839782817e-08,-0.0023514059936076137
-1.299999983711253e-08,-0.002345747739610715
-1.2799999834442244e-08,-0.002300885868635305
-1.2599999831771958e-08,-0.0022669363446539137
-1.2399999829101672e-08,-0.002202674745689137
-1.2199999826431385e-08,-0.002133563214727019
-1.1999999823761099e-08,-0.0020583892687682237
-1.1799999821090812e-08,-0.0019581573408231634
-1.1599999818420526e-08,-0.0018530754808807615
-1.139999981575024e-08,-0.0017443561719403533
-1.1199999813079953e-08,-0.001624320355006148
-1.0999999810409667e-08,-0.0015054970210712781
-1.079999980773938e-08,-0.0013919277801335284
-1.0599999805069094e-08,-0.0012516839132103996
-1.0399999802398808e-08,-0.0011126525292866063
-1.0199999799728521e-08,-0.0009627087983687943
-9.999999797058235e-09,-0.0008200399654469948
-9.799999794387948e-09,-0.0006761586495258598
-9.599999791717662e-09,-0.0005278315626071617
-9.399999789047376e-09,-0.00038395024668602673
-9.19999978637709e-09,-0.0002550228877566951
-8.999999783706803e-09,-0.00010184586884065538
-8.799999781036517e-09,3.435638808468866e-05
-8.59999977836623e-09,0.00016207126401468486
-8.399999775695944e-09,0.0002982735209400289
-8.199999773025657e-09,0.00043285913386625907
-7.999999770355371e-09,0.0005621906537953691
-7.799999767685085e-09,0.000674951572733562
-7.599999765014798e-09,0.0007788209496766285
-7.399999762344512e-09,0.0008794570386214673
-7.199999759674225e-09,0.0009889846695614324
-6.999999757003939e-09,0.0010896207585062712
-6.799999754333653e-09,0.0011692404754626295
-6.599999751663366e-09,0.001255730929415222
-6.39999974899308e-09,0.0013466671543653774
-6.1999997463227934e-09,0.001424670227322622
-5.999999743652507e-09,0.001490144309286734
-5.799999740982221e-09,0.0015580433572495167
-5.599999738311934e-09,0.0016243257612131856
-5.399999735641648e-09,0.0016999038681717593
-5.1999997329713615e-09,0.0017653779501358713
-4.999999730301075e-09,0.0018122606261101737
-4.799999727630789e-09,0.0018506559210891282
-4.599999724960502e-09,0.0018813721570722919
-4.399999722290216e-09,0.0018821804790718488
-4.1999997196199295e-09,0.0018947094700649814
-3.999999716949643e-09,0.0019084509440574493
-3.799999714279357e-09,0.0018777347080742857
-3.5999997116090703e-09,0.0018167063971077368
-3.399999708938784e-09,0.0017512323151436249
-3.1999997062684975e-09,0.0017051579611688794
-2.999999703598211e-09,0.00169707474117331
-2.7999997009279248e-09,0.0017500198321442895
-2.5999996982576384e-09,0.0017964983471188134
-2.399999695587352e-09,0.001814281431109066
-2.1999996929170656e-09,0.0017661862721354282
-1.999999690246779e-09,0.0016865665551790698
-1.7999996875764928e-09,0.0016413005232038813
-1.5999996849062064e-09,0.001638471396205432
-1.39999968223592e-09,0.001677270852184165
-1.1999996795656336e-09,0.0017067746051679933
-9.999996768953472e-10,0.001650596226198786
-7.999996742250608e-10,0.0015653182552455291
-5.999996715547744e-10,0.0014792319622927153
-3.9999966888448805e-10,0.0014295201593199636
-1.9999966621420166e-10,0.0013636419163560731
3.3645608473285843e-16,0.0012824055554006009
2.0000033912637112e-10,0.001197127584447344
4.000003417966575e-10,0.0010750709625142463
6.000003444669439e-10,0.000928360519594662
8.000003471372303e-10,0.0007986248386657735
1.0000003498075167e-09,0.0006543393617448601
1.200000352477803e-09,0.0005104580458237251
1.4000003551480895e-09,0.00039284719488819064
1.6000003578183759e-09,0.00026876976795620067
1.8000003604886623e-09,0.00014428818002443222
2.0000003631589487e-09,2.0235081024111423e-06
2.200000365829235e-09,-0.00017419068780100133
2.4000003684995214e-09,-0.0003245385797185918
2.600000371169808e-09,-0.00046680325164061287
2.8000003738400942e-09,-0.0005775433655799134
3.0000003765103806e-09,-0.0007036415975107957
3.200000379180667e-09,-0.0008042776864556345
3.4000003818509534e-09,-0.0009097637073978149
3.6000003845212398e-09,-0.0010112081183422106
3.800000387191526e-09,-0.0011033568262917015
4.0000003898618126e-09,-0.0011672142642566996
4.200000392532099e-09,-0.0012205635162274575
4.400000395202385e-09,-0.0012953333011864743
4.600000397872672e-09,-0.0013385785281627705
4.800000400542958e-09,-0.001414964957120901
5.0000004032132445e-09,-0.0014860972930819116
5.200000405883531e-09,-0.001527725876059094
5.400000408553817e-09,-0.0015447006380497896
5.600000411224104e-09,-0.0015826917720289657
5.80000041389439e-09,-0.0016247245160059265
6.0000004165646765e-09,-0.0016800945729755767
6.200000419234963e-09,-0.0017334438249463346
6.400000421905249e-09,-0.0017952804579124404
6.600000424575536e-09,-0.0018284216598942749
6.800000427245822e-09,-0.0018631795058752232
7.0000004299161085e-09,-0.0018692419208719002
7.200000432586395e-09,-0.0018821750728648112
7.400000435256681e-09,-0.0019270369438402213
7.600000437926968e-09,-0.001968261365817625
7.800000440597254e-09,-0.0020195898127894907
8.00000044326754e-09,-0.002000998406799681
8.200000445937827e-09,-0.0019864486108076562
8.400000448608113e-09,-0.001944011705830917
8.6000004512784e-09,-0.0019056164108519624
8.800000453948686e-09,-0.0018825792338645897
9.000000456618972e-09,-0.0018482255488834198
9.200000459289259e-09,-0.0017516310699363657
9.400000461959545e-09,-0.0016784779289764629
9.600000464629832e-09,-0.0015774376790318456
9.800000467300118e-09,-0.0014776099120865638
1.0000000469970404e-08,-0.001364848993148371
1.020000047264069e-08,-0.0012456214982137226
1.0400000475310977e-08,-0.001116694139284391
1.0600000477981264e-08,-0.000986554297355724
1.080000048065155e-08,-0.0008725808954181957
1.1000000483321836e-08,-0.0007545658834828828
1.1200000485992123e-08,-0.0006490798625407024
1.1400000488662409e-08,-0.0005302565286058325
1.1600000491332695e-08,-0.0004041582966749502
1.1800000494002982e-08,-0.0002788683867436248
1.2000000496673268e-08,-0.00016044921380853339
1.2200000499343555e-08,-6.425889586125777e-05
1.2400000502013841e-08,7.436832706275709e-05
1.2600000504684127e-08,0.00021259138898699348
1.2800000507354414e-08,0.00036415176390391935
1.30000005100247e-08,0.00048661254683679545
1.3200000512694987e-08,0.0006123066177678993
1.3400000515365273e-08,0.0007270883417049845
1.360000051803556e-08,0.0008584406666329869
1.3800000520705846e-08,0.0009853472205634262
1.4000000523376132e-08,0.0011259952484863334
1.4200000526046419e-08,0.0012371395234254123
1.4400000528716705e-08,0.0013357548073713588
1.4600000531386991e-08,0.001462661361301798
1.4800000534057278e-08,0.0015742097972406555
1.5000000536727564e-08,0.001704753800169101
1.520000053939785e-08,0.001774673653130776
1.5400000542068137e-08,0.0018425727010935589
1.5600000544738423e-08,0.0018943053090652029
1.580000054740871e-08,0.00195573778103153
1.6000000550078996e-08,0.0020195952189965283
1.6200000552749282e-08,0.0020757735979657355
1.640000055541957e-08,0.0021517558659240876
1.6600000558089855e-08,0.0021784304919094666
1.6800000560760142e-08,0.0022059134398944025
1.7000000563430428e-08,0.002233800548879117
1.7200000566100714e-08,0.0022350130318784522
1.7400000568771e-08,0.0022212715578859843
1.7600000571441287e-08,0.002224504845884212
1.7800000574111574e-08,0.0022394588028760154
1.800000057678186e-08,0.002231375582880446
1.8200000579452146e-08,0.0022346088708786738
1.8400000582122433e-08,0.0022091467278926302
1.860000058479272e-08,0.0021836845849065867
1.8800000587463006e-08,0.0021327602989344996
1.9000000590133292e-08,0.002094365003955545
1.920000059280358e-08,0.0020644570899719383
1.9400000595473865e-08,0.002015149447998965
1.960000059814415e-08,0.001960587713028872
1.9800000600814438e-08,0.0018732889370767225
2.0000000603484724e-08,0.0018138772701092876
2.020000060615501e-08,0.0017241535281584675
2.0400000608825297e-08,0.0016259424052122995
2.0600000611495583e-08,0.0015200522232703406
2.080000061416587e-08,0.0014283076763206282
2.1000000616836156e-08,0.001306655215387309
2.1200000619506442e-08,0.001169644636462408
2.140000062217673e-08,0.001034250701536621
2.1600000624847015e-08,0.0008754154286236826
2.18000006275173e-08,0.0007129427067127381
2.2000000630187588e-08,0.0005601698487964768
2.2200000632857874e-08,0.00039163471188885524
2.240000063552816e-08,0.00021905796498344898
2.2600000638198447e-08,6.911423406563699e-05
2.2800000640868733e-08,-9.012519984707978e-05
2.300000064353902e-08,-0.00026512691275115685
2.3200000646209306e-08,-0.00042517466866343057
2.3400000648879593e-08,-0.0005730975945823502
2.360000065154988e-08,-0.0007145539445048144
2.3800000654220165e-08,-0.000842672981434589
2.4000000656890452e-08,-0.000934013367384523
2.4200000659560738e-08,-0.0010665781753118608
2.4400000662231025e-08,-0.0011437729262695484
2.460000066490131e-08,-0.0012355174732192609
2.4800000667571597e-08,-0.0013030123601822652
2.5000000670241884e-08,-0.0013547449681539092
