保存した波形 C3
 1 列目は時間,2 列目は信号値
 
-2.52e-08,0.001326459104376454
-2.4999999997329714e-08,0.0012492643534187664
-2.4799999994659428e-08,0.0011748987294595281
-2.459999999198914e-08,0.001072241835515797
-2.4399999989318855e-08,0.0009796889665665276
-2.419999998664857e-08,0.0008543990566352022
-2.3999999983978282e-08,0.0007517421626914711
-2.3799999981307996e-08,0.0006203898377634687
-2.359999997863771e-08,0.0005072247578254974
-2.3399999975967423e-08,0.00035081445091122987
-2.3199999973297137e-08,0.00026351567495908057
-2.299999997062685e-08,0.00015560468801822935
-2.2799999967956564e-08,3.5973032083802536e-05
-2.2599999965286278e-08,-6.142976886280849e-05
-2.239999996261599e-08,-0.0001745948488007798
-2.2199999959945705e-08,-0.00027442261574606164
-2.199999995727542e-08,-0.000373846221691565
-2.1799999954605132e-08,-0.00045548674364681574
-2.1599999951934846e-08,-0.0005338939776038387
-2.139999994926456e-08,-0.0006074512795635201
-2.1199999946594273e-08,-0.0006652463025318411
-2.0999999943923986e-08,-0.0007109164955068081
-2.07999999412537e-08,-0.0007545658834828828
-2.0599999938583414e-08,-0.0007743697724720278
-2.0399999935913127e-08,-0.0007961944664600651
-2.019999993324284e-08,-0.0008232732534452225
-1.9999999930572554e-08,-0.0008301439904414565
-1.9799999927902268e-08,-0.0008430771424343675
-1.9599999925231982e-08,-0.0008467145914323737
-1.9399999922561695e-08,-0.0008325689564401273
-1.919999991989141e-08,-0.0008349939224387981
-1.8999999917221123e-08,-0.0008313564734407919
-1.8799999914550836e-08,-0.0008018527204569637
-1.859999991188055e-08,-0.0007654782304769014
-1.8399999909210263e-08,-0.0007367827994926301
-1.8199999906539977e-08,-0.0006903042845181062
-1.799999990386969e-08,-0.0006535256335382655
-1.7799999901199404e-08,-0.000576330882580578
-1.7599999898529118e-08,-0.0005068151906186813
-1.739999989585883e-08,-0.0004223455416649813
-1.7199999893188545e-08,-0.0003124137497252377
-1.699999989051826e-08,-0.00018954880579258315
-1.6799999887847972e-08,-6.749218385948552e-05
-1.6599999885177686e-08,7.800577606076331e-05
-1.63999998825074e-08,0.00022229125298167673
-1.6199999879837113e-08,0.0003714266618999318
-1.5999999877166827e-08,0.0004926749618334725
-1.579999987449654e-08,0.0006373645997541644
-1.5599999871826254e-08,0.0007763959836779577
-1.5399999869155967e-08,0.0009077483086059601
-1.519999986648568e-08,0.0010108093635494697
-1.4999999863815395e-08,0.0011195286724898779
-1.4799999861145108e-08,0.0012246105324322798
-1.4599999858474822e-08,0.0013244382993775616
-1.4399999855804535e-08,0.0013761709073492057
-1.4199999853134249e-08,0.001451344853308001
-1.3999999850463963e-08,0.0014905484702865124
-1.3799999847793676e-08,0.0015240938332681253
-1.359999984512339e-08,0.0015645099332459722
-1.3399999842453104e-08,0.0015657224162453076
-1.3199999839782817e-08,0.0015952261692291358
-1.299999983711253e-08,0.0015940136862298004
-1.2799999834442244e-08,0.0016033093892247052
-1.2599999831771958e-08,0.0015681473822439784
-1.2399999829101672e-08,0.001541876917258378
-1.2199999826431385e-08,0.0015079273932769865
-1.1999999823761099e-08,0.0014521531753075578
-1.1799999821090812e-08,0.0013988039233368
-1.1599999818420526e-08,0.001326459104376454
-1.139999981575024e-08,0.001248051870419431
-1.1199999813079953e-08,0.0011728779244606358
-1.0999999810409667e-08,0.0011013414274998468
-1.079999980773938e-08,0.0010140426515476975
-1.0599999805069094e-08,0.0009218939435982065
-1.0399999802398808e-08,0.0008325743626471649
-1.0199999799728521e-08,0.0007497213576925787
-9.999999797058235e-09,0.0006547435227446385
-9.799999794387948e-09,0.0005589573657971414
-9.599999791717662e-09,0.00044902557385739783
-9.399999789047376e-09,0.0003205023759278447
-9.19999978637709e-09,0.00023077863397702458
-8.999999783706803e-09,0.00010387208004658532
-8.799999781036517e-09,-1.69720588871769e-05
-8.59999977836623e-09,-0.00015155767181340707
-8.399999775695944e-09,-0.0002736142937465047
-8.199999773025657e-09,-0.00040052084767694396
-7.999999770355371e-09,-0.0005383397486014019
-7.799999767685085e-09,-0.0006773711325251952
-7.599999765014798e-09,-0.000809935940452533
-7.399999762344512e-09,-0.0009097637073978149
-7.199999759674225e-09,-0.001013228923341103
-6.999999757003939e-09,-0.0010871903863005627
-6.799999754333653e-09,-0.001161556010259801
-6.599999751663366e-09,-0.001207226203234768
-6.39999974899308e-09,-0.0012840167931926771
-6.1999997463227934e-09,-0.0013454492651590044
-5.999999743652507e-09,-0.0014137524741215657
-5.799999740982221e-09,-0.0014371938121087169
-5.599999738311934e-09,-0.0014472978371031786
-5.399999735641648e-09,-0.0014262814651146982
-5.1999997329713615e-09,-0.0013979901951302054
-4.999999730301075e-09,-0.001376973823141725
-4.799999727630789e-09,-0.0013963735511310915
-4.599999724960502e-09,-0.001482055683084127
-4.399999722290216e-09,-0.0016716071919802289
-4.1999997196199295e-09,-0.001998169279801232
-3.999999716949643e-09,-0.00236555162859986
-3.799999714279357e-09,-0.002567227967489316
-3.5999997116090703e-09,-0.002636743659451213
-3.399999708938784e-09,-0.0027062593514131095
-3.1999997062684975e-09,-0.0028440782523375674
-2.999999703598211e-09,-0.0028699445563233894
-2.7999997009279248e-09,-0.0028372075153413334
-2.5999996982576384e-09,-0.002820636914350416
-2.399999695587352e-09,-0.0029572433322755387
-2.1999996929170656e-09,-0.003287442869094548
-1.999999690246779e-09,-0.0037518238578400087
-1.7999996875764928e-09,-0.003974516568717945
-1.5999996849062064e-09,-0.00395996677272592
-1.39999968223592e-09,-0.0037772860008260523
-1.1999996795656336e-09,-0.003593392745926849
-9.999996768953472e-10,-0.003378783255044482
-7.999996742250608e-10,-0.0031476031631711976
-5.999996715547744e-10,-0.002773754238376114
-3.9999966888448805e-10,-0.0023821222295907774
-1.9999966621420166e-10,-0.002046668599774648
3.3645608473285843e-16,-0.0018348882358907304
2.0000033912637112e-10,-0.00165018665899197
4.000003417966575e-10,-0.0013802071111399528
6.000003444669439e-10,-0.0010605157603151838
8.000003471372303e-10,-0.0008867265304104421
1.0000003498075167e-09,-0.0008847057254115498
1.200000352477803e-09,-0.0009000638434031316
1.4000003551480895e-09,-0.0008721767344184173
1.6000003578183759e-09,-0.0007662865524764584
1.8000003604886623e-09,-0.0007060665635094665
2.0000003631589487e-09,-0.0006757544885260813
2.200000365829235e-09,-0.0007129373005057005
2.4000003684995214e-09,-0.0007739656114722493
2.600000371169808e-09,-0.0008588394214257278
2.8000003738400942e-09,-0.0010059540253450905
3.0000003765103806e-09,-0.00114336876526977
3.200000379180667e-09,-0.0012310717022216977
3.4000003818509534e-09,-0.0012549172012086274
3.6000003845212398e-09,-0.0012161177452298944
3.800000387191526e-09,-0.0012068220422349896
4.0000003898618126e-09,-0.0012900792081893542
4.200000392532099e-09,-0.0014246648211155843
4.400000395202385e-09,-0.0015350007740551064
4.600000397872672e-09,-0.0015871375430265289
4.800000400542958e-09,-0.0015758210350327317
5.0000004032132445e-09,-0.0015944124410225413
5.200000405883531e-09,-0.0016344243800006097
5.400000408553817e-09,-0.001663928132984438
5.600000411224104e-09,-0.0016130038470123509
5.80000041389439e-09,-0.0015483380870477959
6.0000004165646765e-09,-0.0015471256040484604
6.200000419234963e-09,-0.0016255328380054834
6.400000421905249e-09,-0.0017265730879501007
6.600000424575536e-09,-0.0016930277249684877
6.800000427245822e-09,-0.0015689502980364978
7.0000004299161085e-09,-0.0014626559550947604
7.200000432586395e-09,-0.0014452770321042863
7.400000435256681e-09,-0.001519238495063746
7.600000437926968e-09,-0.001566525332037827
7.800000440597254e-09,-0.0015782460010314026
8.00000044326754e-09,-0.0014990304450748226
8.200000445937827e-09,-0.0013886944921353006
8.400000448608113e-09,-0.001291695852188468
8.6000004512784e-09,-0.0012282425752232484
8.800000453948686e-09,-0.0011651934592578073
9.000000456618972e-09,-0.0011280106472781881
9.200000459289259e-09,-0.0010940611232967967
9.400000461959545e-09,-0.001007166508344426
9.600000464629832e-09,-0.0008746017004170881
9.800000467300118e-09,-0.0006943458945158909
1.0000000469970404e-08,-0.000491861233626878
1.020000047264069e-08,-0.00028978073373764346
1.0400000475310977e-08,-0.0001382203588207176
1.0600000477981264e-08,-2.060950788518312e-05
1.080000048065155e-08,5.698940407228292e-05
1.1000000483321836e-08,8.810980105522503e-05
1.1200000485992123e-08,0.00016772951801158342
1.1400000488662409e-08,0.0003257564689249648
1.1600000491332695e-08,0.0005108622068235036
1.1800000494002982e-08,0.0006987970717204917
1.2000000496673268e-08,0.0008467199976394113
1.2200000499343555e-08,0.0008972401226117199
1.2400000502013841e-08,0.0009340187735915606
1.2600000504684127e-08,0.000929168841594219
1.2800000507354414e-08,0.0009849430595636477
1.30000005100247e-08,0.0010366756675352917
1.3200000512694987e-08,0.0010952790125031697
1.3400000515365273e-08,0.0011098288084951946
1.360000051803556e-08,0.0011579239674688324
1.3800000520705846e-08,0.0011579239674688324
1.4000000523376132e-08,0.0011405450444783582
1.4200000526046419e-08,0.0011146787404925362
1.4400000528716705e-08,0.0011191245114900994
1.4600000531386991e-08,0.0011615614164668386
1.4800000534057278e-08,0.0012452227434209817
1.5000000536727564e-08,0.0012896804533966133
1.520000053939785e-08,0.0012981678343919612
1.5400000542068137e-08,0.0012173356344362674
1.5600000544738423e-08,0.0011288243754847826
1.580000054740871e-08,0.001078304250512474
1.6000000550078996e-08,0.001138524239479466
1.6200000552749282e-08,0.0012318854304282922
1.640000055541957e-08,0.0013381797733700296
1.6600000558089855e-08,0.0013559628573602822
1.6800000560760142e-08,0.0013115051473846506
1.7000000563430428e-08,0.0012193564394351597
1.7200000566100714e-08,0.0010916415635051635
1.7400000568771e-08,0.0009631183655756104
1.7600000571441287e-08,0.0008980484446112769
1.7800000574111574e-08,0.0008931985126139352
1.800000057678186e-08,0.0008960276396123845
1.8200000579452146e-08,0.000844699192640519
1.8400000582122433e-08,0.0007036470037178333
1.860000058479272e-08,0.0005104580458237251
1.8800000587463006e-08,0.00037304330589904566
1.9000000590133292e-08,0.0002606865479606313
1.920000059280358e-08,0.00022592870197968296
1.9400000595473865e-08,0.0002032956859920887
1.960000059814415e-08,0.00016692119601202648
1.9800000600814438e-08,7.962242005987719e-05
2.0000000603484724e-08,2.263571909111306e-05
2.020000060615501e-08,-4.728413387056207e-05
2.0400000608825297e-08,-6.830050585904246e-05
2.0600000611495583e-08,-7.193795485704868e-05
2.080000061416587e-08,-6.304641286192236e-05
2.1000000616836156e-08,-2.2226151884296996e-05
2.1200000619506442e-08,2.708149008867622e-05
2.140000062217673e-08,6.951839506541546e-05
2.1600000624847015e-08,4.284376908003651e-05
2.18000006275173e-08,4.044313101303487e-06
2.2000000630187588e-08,-5.132574386834676e-05
2.2200000632857874e-08,-7.234211585682715e-05
2.240000063552816e-08,-5.294238786746064e-05
2.2600000638198447e-08,-1.6139408955950785e-06
2.2800000640868733e-08,2.5060685089783874e-05
2.300000064353902e-08,1.6977465094214494e-05
2.3200000646209306e-08,-1.9801185885626182e-05
2.3400000648879593e-08,-4.526332887166973e-05
2.360000065154988e-08,-8.002117485261806e-05
2.3800000654220165e-08,-8.850855584796591e-05
2.4000000656890452e-08,-5.0921582868568294e-05
2.4200000659560738e-08,4.122712508092263e-05
2.4400000662231025e-08,0.000153583883019337
2.460000066490131e-08,0.00027038641195531454
2.4800000667571597e-08,0.0003281814349236356
2.5000000670241884e-08,0.0003597059929063562
