保存した波形 C3
 1 列目は時間,2 列目は信号値
 
-2.52e-08,-0.0009028929704015809
-2.4999999997329714e-08,-0.000978875238359933
-2.4799999994659428e-08,-0.0010475826083222728
-2.459999999198914e-08,-0.0011385188332724283
-2.4399999989318855e-08,-0.0011938888902420786
-2.419999998664857e-08,-0.001259767133205969
-2.3999999983978282e-08,-0.001323624571170967
-2.3799999981307996e-08,-0.0013814195941392882
-2.359999997863771e-08,-0.0014501269641016279
-2.3399999975967423e-08,-0.0014763974290872284
-2.3199999973297137e-08,-0.0015196426560635246
-2.299999997062685e-08,-0.0015232801050615308
-2.2799999967956564e-08,-0.0015507630530464667
-2.2599999965286278e-08,-0.001527725876059094
-2.239999996261599e-08,-0.0015119635970677336
-2.2199999959945705e-08,-0.0014695266920909944
-2.199999995727542e-08,-0.0014206232111177997
-2.1799999954605132e-08,-0.0013494908751567891
-2.1599999951934846e-08,-0.0013009915551833728
-2.139999994926456e-08,-0.0011967180172405278
-2.1199999946594273e-08,-0.0011033568262917015
-2.0999999943923986e-08,-0.0010112081183422106
-2.07999999412537e-08,-0.0008968305554049039
-2.0599999938583414e-08,-0.0007755822554713632
-2.0399999935913127e-08,-0.0006931334115165555
-2.019999993324284e-08,-0.0005702684675839009
-1.9999999930572554e-08,-0.00048660714062975785
-1.9799999927902268e-08,-0.00035889226469976165
-1.9599999925231982e-08,-0.0002683602007493846
-1.9399999922561695e-08,-0.0001551951208114133
-1.919999991989141e-08,-6.223809086236542e-05
-1.8999999917221123e-08,2.7889812088233157e-05
-1.8799999914550836e-08,8.810980105522503e-05
-1.859999991188055e-08,0.0001564130100177863
-1.8399999909210263e-08,0.00019642494899585472
-1.8199999906539977e-08,0.00024532842996904947
-1.799999990386969e-08,0.0002812987589493332
-1.7799999901199404e-08,0.0002994860039393643
-1.7599999898529118e-08,0.00032211901992695857
-1.739999989585883e-08,0.00034556035791410977
-1.7199999893188545e-08,0.0003411145869165466
-1.699999989051826e-08,0.0003516227729107868
-1.6799999887847972e-08,0.00033262720592119877
-1.6599999885177686e-08,0.0003071650629351552
-1.63999998825074e-08,0.00030433593593670594
-1.6199999879837113e-08,0.00029261526694313034
-1.5999999877166827e-08,0.00025987822596107435
-1.579999987449654e-08,0.0002384576929728155
-1.5599999871826254e-08,0.00021016642298832267
-1.5399999869155967e-08,0.000186320924001393
-1.519999986648568e-08,0.00017096280600981117
-1.4999999863815395e-08,0.00013862992602753366
-1.4799999861145108e-08,0.00013216335003107815
-1.4599999858474822e-08,8.083490305921259e-05
-1.4399999855804535e-08,3.839799808247335e-05
-1.4199999853134249e-08,8.490084098866646e-06
-1.3999999850463963e-08,-5.172990486812523e-05
-1.3799999847793676e-08,-0.00010022922484154151
-1.359999984512339e-08,-0.0001616616968078688
-1.3399999842453104e-08,-0.00018995296679236162
-1.3199999839782817e-08,-0.0002137984657792913
-1.299999983711253e-08,-0.0002655310737509353
-1.2799999834442244e-08,-0.00030796797872767456
-1.2599999831771958e-08,-0.00033949253671039514
-1.2399999829101672e-08,-0.0003778878316893497
-1.2199999826431385e-08,-0.00039809588167827314
-1.1999999823761099e-08,-0.00041264567767029803
-1.1799999821090812e-08,-0.00042557882966320904
-1.1599999818420526e-08,-0.00043851198165612004
-1.139999981575024e-08,-0.0004405327866550124
-1.1199999813079953e-08,-0.0004469993626514679
-1.0999999810409667e-08,-0.0004546784216472588
-1.079999980773938e-08,-0.000432449566659443
-1.0599999805069094e-08,-0.0004025416526758363
-1.0399999802398808e-08,-0.00039567091567960233
-1.0199999799728521e-08,-0.0003649546796964387
-9.999999797058235e-09,-0.00034191750270906596
-9.799999794387948e-09,-0.00029786395373321284
-9.599999791717662e-09,-0.0002202650417757468
-9.399999789047376e-09,-0.0001939945767901463
-9.19999978637709e-09,-0.00012973297782536974
-8.999999783706803e-09,-4.56674898714482e-05
-8.799999781036517e-09,2.1423236091777653e-05
-8.59999977836623e-09,8.406819105744034e-05
-8.399999775695944e-09,0.00015277556101978007
-8.199999773025657e-09,0.00021703715998455664
-7.999999770355371e-09,0.00028210708094889014
-7.799999767685085e-09,0.000349197806912116
-7.599999765014798e-09,0.0004013345758835385
-7.399999762344512e-09,0.00047327523384410597
-7.199999759674225e-09,0.0005359201888097687
-6.999999757003939e-09,0.0005832070257838495
-6.799999754333653e-09,0.0006199856767636902
-6.599999751663366e-09,0.0006834389537289098
-6.39999974899308e-09,0.0007436589426959017
-6.1999997463227934e-09,0.0007893291356708687
-5.999999743652507e-09,0.0008556115396345376
-5.799999740982221e-09,0.0009311896465931113
-5.599999738311934e-09,0.0009962595675574448
-5.399999735641648e-09,0.001084366665509151
-5.1999997329713615e-09,0.001168836314462851
-4.999999730301075e-09,0.001248860192418988
-4.799999727630789e-09,0.00127998058940193
-4.599999724960502e-09,0.0012310771084287353
-4.399999722290216e-09,0.0011251869264867764
-4.1999997196199295e-09,0.0008899652246157075
-3.999999716949643e-09,0.0005258161638153069
-3.799999714279357e-09,1.899827009310684e-05
-3.5999997116090703e-09,-0.0003948625936800454
-3.399999708938784e-09,-0.0006203844315564311
-3.1999997062684975e-09,-0.0006911126065176632
-2.999999703598211e-09,-0.0006672671075307335
-2.7999997009279248e-09,-0.0005666310185858947
-2.5999996982576384e-09,-0.0004744823106364038
-2.399999695587352e-09,-0.0004635699636423851
-2.1999996929170656e-09,-0.000542785519598965
-1.999999690246779e-09,-0.0007072790465088019
-1.7999996875764928e-09,-0.0007363786384928517
-1.5999996849062064e-09,-0.0006106845675617478
-1.39999968223592e-09,-0.00040092500867672243
-1.1999996795656336e-09,-0.00023926060876533484
-9.999996768953472e-10,-0.0002602769807538152
-7.999996742250608e-10,-0.00037061293369333725
-5.999996715547744e-10,-0.000465186607641499
-3.9999966888448805e-10,-0.0004465952016516894
-1.9999966621420166e-10,-0.0003989042036778301
3.3645608473285843e-16,-0.00035485065470197696
2.0000033912637112e-10,-0.00034959656170485687
4.000003417966575e-10,-0.0003310051557150473
6.000003444669439e-10,-0.0003285801897163765
8.000003471372303e-10,-0.0003791003146886851
1.0000003498075167e-09,-0.00041992057566631047
1.200000352477803e-09,-0.00043042876166055066
1.4000003551480895e-09,-0.00038354608568624826
1.6000003578183759e-09,-0.00030675549572833916
1.8000003604886623e-09,-0.0002525979217580243
2.0000003631589487e-09,-0.0002760392597451755
2.200000365829235e-09,-0.00031847616472191476
2.4000003684995214e-09,-0.0003762711876902358
2.600000371169808e-09,-0.0003633380356973248
2.8000003738400942e-09,-0.0003625297136977679
3.0000003765103806e-09,-0.00033302596071393964
3.200000379180667e-09,-0.00031200958872545925
3.4000003818509534e-09,-0.00032130529172036404
3.6000003845212398e-09,-0.0003310051557150473
3.800000387191526e-09,-0.00033828005371105974
4.0000003898618126e-09,-0.00030837213972745303
4.200000392532099e-09,-0.0002606811417535937
4.400000395202385e-09,-0.0002255191347728669
4.600000397872672e-09,-0.0001927820937908109
4.800000400542958e-09,-0.00018267806879634918
5.0000004032132445e-09,-0.00018995296679236162
5.200000405883531e-09,-0.0001838905517956846
5.400000408553817e-09,-0.00012569136782758505
5.600000411224104e-09,-5.0113260869011356e-05
5.80000041389439e-09,1.6573304094436025e-05
6.0000004165646765e-09,3.3143905085353254e-05
6.200000419234963e-09,1.940243109288531e-05
6.400000421905249e-09,4.068641032972664e-07
6.600000424575536e-09,9.298406098423584e-06
6.800000427245822e-09,8.366403005766188e-05
7.0000004299161085e-09,0.0001600504590157925
7.200000432586395e-09,0.00024532842996904947
7.400000435256681e-09,0.0002255245409799045
7.600000437926968e-09,0.0001758127380071528
7.800000440597254e-09,0.00013701328202841978
8.00000044326754e-09,0.00019036253399917769
8.200000445937827e-09,0.0002994860039393643
8.400000448608113e-09,0.0003896139068899629
8.6000004512784e-09,0.00042639255786980357
8.800000453948686e-09,0.0004013345758835385
9.000000456618972e-09,0.0003714266618999318
9.200000459289259e-09,0.00039163471188885524
9.400000461959545e-09,0.0004752960388429983
9.600000464629832e-09,0.0005460242138042304
9.800000467300118e-09,0.0005912902457794189
1.0000000469970404e-08,0.0006325146677568227
1.020000047264069e-08,0.0006636350647397649
1.0400000475310977e-08,0.0007121343847131811
1.0600000477981264e-08,0.0007315341127025476
1.080000048065155e-08,0.0007109219017138457
1.1000000483321836e-08,0.0006575726497430878
1.1200000485992123e-08,0.000590481923779862
1.1400000488662409e-08,0.0005739113227889447
1.1600000491332695e-08,0.0005819945427845141
1.1800000494002982e-08,0.0005609781707960337
1.2000000496673268e-08,0.000493079122833251
1.2200000499343555e-08,0.00045145053985606864
1.2400000502013841e-08,0.00044862141285761936
1.2600000504684127e-08,0.00045912959885185955
1.2800000507354414e-08,0.0004558963108536318
1.30000005100247e-08,0.0004049720248815447
1.3200000512694987e-08,0.0003075692239349337
1.3400000515365273e-08,0.00025179500596550497
1.360000051803556e-08,0.0002477533959677203
1.3800000520705846e-08,0.0002841278859477825
1.4000000523376132e-08,0.00029140278394379493
1.4200000526046419e-08,0.00024573259096882794
1.4400000528716705e-08,0.00021137890598765807
1.4600000531386991e-08,0.00021461219398588582
1.4800000534057278e-08,0.0002465409129683849
1.5000000536727564e-08,0.00030554841893604134
1.520000053939785e-08,0.0002942319109422442
1.5400000542068137e-08,0.0002437117859699356
1.5600000544738423e-08,0.0001851084410020576
1.580000054740871e-08,0.0001851084410020576
1.6000000550078996e-08,0.0002032956859920887
1.6200000552749282e-08,0.0002473492349679418
1.640000055541957e-08,0.00026796144595664373
1.6600000558089855e-08,0.0002671531239570868
1.6800000560760142e-08,0.0002720030559544284
1.7000000563430428e-08,0.00024290346397037865
1.7200000566100714e-08,0.00020369984699186716
1.7400000568771e-08,0.00016772951801158342
1.7600000571441287e-08,0.00013620496002886284
1.7800000574111574e-08,0.00014630898502332457
1.800000057678186e-08,0.00017742938200626668
1.8200000579452146e-08,0.0002174413209843351
1.8400000582122433e-08,0.00018955421199962075
1.860000058479272e-08,0.00013458831602974897
1.8800000587463006e-08,9.942630904902217e-05
1.9000000590133292e-08,0.00012003852003772408
1.920000059280358e-08,0.0001564130100177863
1.9400000595473865e-08,0.0001915750169985131
1.960000059814415e-08,0.0002255245409799045
1.9800000600814438e-08,0.00023360776097547387
2.0000000603484724e-08,0.00023684104897370162
2.020000060615501e-08,0.0002526033279650619
2.0400000608825297e-08,0.0002724072169542069
2.0600000611495583e-08,0.00030959002893382603
2.080000061416587e-08,0.0003346480109200911
2.1000000616836156e-08,0.0003714266618999318
2.1200000619506442e-08,0.00037061833990037485
2.140000062217673e-08,0.00036698089090236863
2.1600000624847015e-08,0.00035606854390834997
2.18000006275173e-08,0.00035364357790967915
2.2000000630187588e-08,0.00034596451891388824
2.2200000632857874e-08,0.0003726391448992672
2.240000063552816e-08,0.0004364965828642653
2.2600000638198447e-08,0.0004494297348571763
2.2800000640868733e-08,0.0004704461068456567
2.300000064353902e-08,0.00045023805685673324
2.3200000646209306e-08,0.0004457922858591701
2.3400000648879593e-08,0.000459533759851638
2.360000065154988e-08,0.0004769126828421122
2.3800000654220165e-08,0.000492270800833694
2.4000000656890452e-08,0.0005153079778210667
2.4200000659560738e-08,0.0005334952228110978
2.4400000662231025e-08,0.0005573407217980275
2.460000066490131e-08,0.0005710821957904955
2.4800000667571597e-08,0.0005759321277878371
2.5000000670241884e-08,0.0005625948147951476
