保存した波形 C3
 1 列目は時間,2 列目は信号値
 
-2.52e-08,-0.0006640338195325057
-2.4999999997329714e-08,-0.0006195761095568741
-2.4799999994659428e-08,-0.000582393297577255
-2.459999999198914e-08,-0.0005532937055932052
-2.4399999989318855e-08,-0.0004959028436246626
-2.419999998664857e-08,-0.00046033667564415737
-2.3999999983978282e-08,-0.00040981655067184874
-2.3799999981307996e-08,-0.00035525481570175543
-2.359999997863771e-08,-0.00031443455472413007
-2.3399999975967423e-08,-0.00023562315976732862
-2.3199999973297137e-08,-0.00018671967879413387
-2.299999997062685e-08,-0.00011275821583467405
-2.2799999967956564e-08,-4.728413387056207e-05
-2.2599999965286278e-08,3.961048108180876e-05
-2.239999996261599e-08,0.0001265050960341796
-2.2199999959945705e-08,0.0002174413209843351
-2.199999995727542e-08,0.00031726908792961694
-2.1799999954605132e-08,0.00042558423587024663
-2.1599999951934846e-08,0.0005197537488186299
-2.139999994926456e-08,0.0006462561417492907
-2.1199999946594273e-08,0.0007295133077036553
-2.0999999943923986e-08,0.000830957718648051
-2.07999999412537e-08,0.0009287646805944405
-2.0599999938583414e-08,0.0010241466765421592
-2.0399999935913127e-08,0.0011207411554892133
-2.019999993324284e-08,0.0012056149654426918
-1.9999999930572554e-08,0.0012953387073935119
-1.9799999927902268e-08,0.0013870832543432243
-1.9599999925231982e-08,0.0014610447173026841
-1.9399999922561695e-08,0.0015249021552676822
-1.919999991989141e-08,0.0016000761012264775
-1.8999999917221123e-08,0.0016607002511932478
-1.8799999914550836e-08,0.0017225368841593536
-1.859999991188055e-08,0.001757294730140302
-1.8399999909210263e-08,0.0017993274741172627
-1.8199999906539977e-08,0.0018126647871099522
-1.799999990386969e-08,0.0018255979391028632
-1.7799999901199404e-08,0.0018357019640973249
-1.7599999898529118e-08,0.0018433810230931158
-1.739999989585883e-08,0.001827214583101977
-1.7199999893188545e-08,0.001828022905101534
-1.699999989051826e-08,0.0017807360681274531
-1.6799999887847972e-08,0.0017783111021287823
-1.6599999885177686e-08,0.0017342575531529292
-1.63999998825074e-08,0.001683333267180842
-1.6199999879837113e-08,0.0016425130062032167
-1.5999999877166827e-08,0.0015802722122373325
-1.579999987449654e-08,0.001514393969273442
-1.5599999871826254e-08,0.0014610447173026841
-1.5399999869155967e-08,0.0013951664743387937
-1.519999986648568e-08,0.0013111009863848722
-1.4999999863815395e-08,0.0012464352264203171
-1.4799999861145108e-08,0.0012027858384442425
-1.4599999858474822e-08,0.0011340784684819027
-1.4399999855804535e-08,0.0010407172775330764
-1.4199999853134249e-08,0.0009804972885660845
-1.3999999850463963e-08,0.000922298104597985
-1.3799999847793676e-08,0.0008556115396345376
-1.359999984512339e-08,0.00077841678867685
-1.3399999842453104e-08,0.0007125385457129596
-1.3199999839782817e-08,0.0006519143957461893
-1.299999983711253e-08,0.0005929068897785328
-1.2799999834442244e-08,0.0005407701208071103
-1.2599999831771958e-08,0.00048782502983613085
-1.2399999829101672e-08,0.00042679671886958204
-1.2199999826431385e-08,0.0003487936459123375
-1.1999999823761099e-08,0.0003112066729329399
-1.1799999821090812e-08,0.0002695780899557576
-1.1599999818420526e-08,0.0002279495069785753
-1.139999981575024e-08,0.00020774145698965185
-1.1199999813079953e-08,0.00018672508500117146
-1.0999999810409667e-08,0.00016045462001557098
-1.079999980773938e-08,0.00015600884901800782
-1.0599999805069094e-08,0.00014347985802487528
-1.0399999802398808e-08,0.00014105489202620447
-1.0199999799728521e-08,0.00014913811202177385
-9.999999797058235e-09,0.00015035059502110926
-9.799999794387948e-09,0.000186320924001393
-9.599999791717662e-09,0.00020935810098876573
-9.399999789047376e-09,0.00023926601497237243
-9.19999978637709e-09,0.00026391983595885904
-8.999999783706803e-09,0.00030393177493692747
-8.799999781036517e-09,0.0003520269339105653
-8.59999977836623e-09,0.0003944638388873045
-8.399999775695944e-09,0.00044377148086027773
-8.199999773025657e-09,0.00047893348784100453
-7.999999770355371e-09,0.0005270286468146423
-7.799999767685085e-09,0.0005634031367947046
-7.599999765014798e-09,0.0006187731937643548
-7.399999762344512e-09,0.0006616142597408725
-7.199999759674225e-09,0.0007040511647176118
-6.999999757003939e-09,0.0007173884777103012
-6.799999754333653e-09,0.0007517421626914711
-6.599999751663366e-09,0.0007618461876859328
-6.39999974899308e-09,0.0007986248386657735
-6.1999997463227934e-09,0.0008067080586613429
-5.999999743652507e-09,0.0008147912786569123
-5.799999740982221e-09,0.0008487408026383036
-5.599999738311934e-09,0.0008345951676460572
-5.399999735641648e-09,0.0008499532856376391
-5.1999997329713615e-09,0.0008709696576261194
-4.999999730301075e-09,0.0008802653606210242
-4.799999727630789e-09,0.000877436233622575
-4.599999724960502e-09,0.0008802653606210242
-4.399999722290216e-09,0.0008467199976394113
-4.1999997196199295e-09,0.0008640989206298855
-3.999999716949643e-09,0.0008984526056110553
-3.799999714279357e-09,0.0009186606555999788
-3.5999997116090703e-09,0.0009235105875973204
-3.399999708938784e-09,0.0008483366416385252
-3.1999997062684975e-09,0.0007319382737023261
-2.999999703598211e-09,0.0006430228537510629
-2.7999997009279248e-09,0.0006211981597630256
-2.5999996982576384e-09,0.0006713141237355558
-2.399999695587352e-09,0.0006899055297253653
-2.1999996929170656e-09,0.0006078608467703361
-1.999999690246779e-09,0.0004740835558436629
-1.7999996875764928e-09,0.00036011015390613466
-1.5999996849062064e-09,0.00034717700191322365
-1.39999968223592e-09,0.00040093041488376
-1.1999996795656336e-09,0.00041628853287534184
-9.999996768953472e-10,0.0003645559249036978
-7.999996742250608e-10,0.00022067460898256286
-5.999996715547744e-10,0.00011559274904016092
-3.9999966888448805e-10,8.164322505876953e-05
-1.9999966621420166e-10,0.00010872201204392695
3.3645608473285843e-16,8.447235205721881e-05
2.0000033912637112e-10,-5.251389893601299e-06
4.000003417966575e-10,-0.00010103754684109845
6.000003444669439e-10,-0.0001640866628065396
8.000003471372303e-10,-0.000210969338780842
1.0000003498075167e-09,-0.00024006893076489177
1.200000352477803e-09,-0.00029382234373542815
1.4000003551480895e-09,-0.0003698046116937803
1.6000003578183759e-09,-0.00039162930568181764
1.8000003604886623e-09,-0.0003976917206784947
2.0000003631589487e-09,-0.0004090082286722918
2.200000365829235e-09,-0.00046316580264260665
2.4000003684995214e-09,-0.0005326814946045033
2.600000371169808e-09,-0.0005827974585770335
2.8000003738400942e-09,-0.0006345300665486775
3.0000003765103806e-09,-0.0006915167675174416
3.200000379180667e-09,-0.0007472909854868703
3.4000003818509534e-09,-0.0007852821194660464
3.6000003845212398e-09,-0.0007860904414656034
3.800000387191526e-09,-0.0008111484234518684
4.0000003898618126e-09,-0.000829739829441678
4.200000392532099e-09,-0.0008543936504281646
4.400000395202385e-09,-0.0008644976754226263
4.600000397872672e-09,-0.0008491395574310445
4.800000400542958e-09,-0.0008499478794306015
5.0000004032132445e-09,-0.0008665184804215187
5.200000405883531e-09,-0.0009089553853982579
5.400000408553817e-09,-0.0009089553853982579
5.600000411224104e-09,-0.0008321647954403488
5.80000041389439e-09,-0.0007755822554713632
6.0000004165646765e-09,-0.0007291037404968392
6.200000419234963e-09,-0.000751332595484655
6.400000421905249e-09,-0.0007759864164711416
6.600000424575536e-09,-0.000751332595484655
6.800000427245822e-09,-0.0006773711325251952
7.0000004299161085e-09,-0.0005799683315785842
7.200000432586395e-09,-0.0005161108936135861
7.400000435256681e-09,-0.000510048478616909
7.600000437926968e-09,-0.0005229816306098201
7.800000440597254e-09,-0.0005140900886146937
8.00000044326754e-09,-0.0004296204396609937
8.200000445937827e-09,-0.00033262179971416117
8.400000448608113e-09,-0.00026391442975182144
8.6000004512784e-09,-0.00022228584677463914
8.800000453948686e-09,-0.00020692772878305732
9.000000456618972e-09,-0.00015802424780986257
9.200000459289259e-09,-7.961701385283959e-05
9.400000461959545e-09,-8.056188960381405e-07
9.600000464629832e-09,7.03267170649724e-05
9.800000467300118e-09,0.0001523714000200016
1.0000000469970404e-08,0.00026230319195974516
1.020000047264069e-08,0.00037950988189550117
1.0400000475310977e-08,0.0005157121388208452
1.0600000477981264e-08,0.0006074566857705577
1.080000048065155e-08,0.0006834389537289098
1.1000000483321836e-08,0.0007468922306941295
1.1200000485992123e-08,0.0008362118116451711
1.1400000488662409e-08,0.0009473560865842501
1.1600000491332695e-08,0.001039504794533741
1.1800000494002982e-08,0.0010948748515033913
1.2000000496673268e-08,0.0011340784684819027
1.2200000499343555e-08,0.0011736862464601927
1.2400000502013841e-08,0.0012177397954360458
1.2600000504684127e-08,0.00127472649640481
1.2800000507354414e-08,0.0013199925283799985
1.30000005100247e-08,0.0013280757483755679
1.3200000512694987e-08,0.0013167592403817707
1.3400000515365273e-08,0.0013406047393687004
1.360000051803556e-08,0.0013292882313749033
1.3800000520705846e-08,0.0013519212473624975
1.4000000523376132e-08,0.001347071315365156
1.4200000526046419e-08,0.0013111009863848722
1.4400000528716705e-08,0.0012912970973957272
1.4600000531386991e-08,0.001266239115409462
1.4800000534057278e-08,0.0012832138774001578
1.5000000536727564e-08,0.00127998058940193
1.520000053939785e-08,0.0012286521424300645
1.5400000542068137e-08,0.00119025684745111
1.5600000544738423e-08,0.001117912028490764
1.580000054740871e-08,0.0010908332415056066
1.6000000550078996e-08,0.0010576920395237721
1.6200000552749282e-08,0.0010370798285350702
1.640000055541957e-08,0.0009857513815632046
1.6600000558089855e-08,0.0009214897825984281
1.6800000560760142e-08,0.0008374242946445065
1.7000000563430428e-08,0.0007634628316850467
1.7200000566100714e-08,0.0006616142597408725
1.7400000568771e-08,0.0005634031367947046
1.7600000571441287e-08,0.0004599379208514165
1.7800000574111574e-08,0.00038516813589239973
1.800000057678186e-08,0.0003124191559322753
1.8200000579452146e-08,0.00026351567495908057
1.8400000582122433e-08,0.0001851084410020576
1.860000058479272e-08,0.00011033865604304083
1.8800000587463006e-08,1.5764982094879088e-05
1.9000000590133292e-08,-6.627970086015011e-05
1.920000059280358e-08,-0.00014266612981828075
1.9400000595473865e-08,-0.0001838905517956846
1.960000059814415e-08,-0.00021945671977618986
1.9800000600814438e-08,-0.0002538104047573597
2.0000000603484724e-08,-0.0002655310737509353
2.020000060615501e-08,-0.000328176028716598
2.0400000608825297e-08,-0.00036010474769909706
2.0600000611495583e-08,-0.00039567091567960233
2.080000061416587e-08,-0.00041264567767029803
2.1000000616836156e-08,-0.0004053707796742856
2.1200000619506442e-08,-0.0004231538636645382
2.140000062217673e-08,-0.00045144513364903105
2.1600000624847015e-08,-0.00047367398863684684
2.18000006275173e-08,-0.0005229816306098201
2.2000000630187588e-08,-0.000510856800616466
2.2200000632857874e-08,-0.0004987319706231119
2.240000063552816e-08,-0.00048418217463108704
2.2600000638198447e-08,-0.0004946903606253272
2.2800000640868733e-08,-0.0004987319706231119
2.300000064353902e-08,-0.0005132817666151368
2.3200000646209306e-08,-0.0005278315626071617
2.3400000648879593e-08,-0.0005561228325916545
2.360000065154988e-08,-0.0005896681955732674
2.3800000654220165e-08,-0.0006155344995590895
2.4000000656890452e-08,-0.0005965389325695014
2.4200000659560738e-08,-0.0006195761095568741
2.4400000662231025e-08,-0.0006050263135648493
2.460000066490131e-08,-0.0006215969145557665
2.4800000667571597e-08,-0.0006224052365553234
2.5000000670241884e-08,-0.0006515048285393732
