保存した波形 C3
 1 列目は時間,2 列目は信号値
 
-2.52e-08,-0.00046680325164061287
-2.4999999997329714e-08,-0.00048418217463108704
-2.4799999994659428e-08,-0.0005068151906186813
-2.459999999198914e-08,-0.0005148984106142507
-2.4399999989318855e-08,-0.0005351064606031741
-2.419999998664857e-08,-0.0005549103495923191
-2.3999999983978282e-08,-0.0005735017555821287
-2.3799999981307996e-08,-0.0005718851115830148
-2.359999997863771e-08,-0.0005880515515741536
-2.3399999975967423e-08,-0.0005743100775816856
-2.3199999973297137e-08,-0.0005456146465974143
-2.299999997062685e-08,-0.0005161108936135861
-2.2799999967956564e-08,-0.00046316580264260665
-2.2599999965286278e-08,-0.0004094123896720703
-2.239999996261599e-08,-0.0003386842147108382
-2.2199999959945705e-08,-0.00027159348874761235
-2.199999995727542e-08,-0.0001798489417978999
-2.1799999954605132e-08,-9.78042588428707e-05
-2.1599999951934846e-08,-2.020534688540465e-05
-2.139999994926456e-08,5.456443807361211e-05
-2.1199999946594273e-08,0.00012448429103528724
-2.0999999943923986e-08,0.0001927874999978485
-2.07999999412537e-08,0.00024694507396816334
-2.0599999938583414e-08,0.0003124191559322753
-2.0399999935913127e-08,0.0003580893489072423
-2.019999993324284e-08,0.0004065886688806586
-1.9999999930572554e-08,0.0004518547008558471
-1.9799999927902268e-08,0.0004898458348350232
-1.9599999925231982e-08,0.0005290494518135347
-1.9399999922561695e-08,0.0005823987037842926
-1.919999991989141e-08,0.0006260480917603672
-1.8999999917221123e-08,0.0006830347927291314
-1.8799999914550836e-08,0.0007283008247043199
-1.859999991188055e-08,0.0007715460516806161
-1.8399999909210263e-08,0.0008204495326538108
-1.8199999906539977e-08,0.000882690326619695
-1.799999990386969e-08,0.0009239147485970989
-1.7799999901199404e-08,0.0009518018575818132
-1.7599999898529118e-08,0.0009712015855711797
-1.739999989585883e-08,0.0010043427875530142
-1.7199999893188545e-08,0.0010281882865399439
-1.699999989051826e-08,0.0010285924475397223
-1.6799999887847972e-08,0.0010613294885217783
-1.6599999885177686e-08,0.001045567209530418
-1.63999998825074e-08,0.0010779000895126956
-1.6199999879837113e-08,0.0010750709625142463
-1.5999999877166827e-08,0.0010827500215100372
-1.579999987449654e-08,0.0010779000895126956
-1.5599999871826254e-08,0.0010609253275219999
-1.5399999869155967e-08,0.001033442379537064
-1.519999986648568e-08,0.001019700905544596
-1.4999999863815395e-08,0.0009914096355601032
-1.4799999861145108e-08,0.0009574601115787118
-1.4599999858474822e-08,0.0009231064265975419
-1.4399999855804535e-08,0.0008515699296367529
-1.4199999853134249e-08,0.0008054955756620075
-1.3999999850463963e-08,0.0007133468677125165
-1.3799999847793676e-08,0.0006595934547419802
-1.359999984512339e-08,0.0005868444747818558
-1.3399999842453104e-08,0.0005282411298139778
-1.3199999839782817e-08,0.00044619644685894855
-1.299999983711253e-08,0.000394867999887083
-1.2799999834442244e-08,0.0003192898929285093
-1.2599999831771958e-08,0.00025098668396594803
-1.2399999829101672e-08,0.00017379193300826046
-1.2199999826431385e-08,0.00010872201204392695
-1.1999999823761099e-08,2.7485651088454688e-05
-1.1799999821090812e-08,-3.1117693879423314e-05
-1.1599999818420526e-08,-9.982506384176304e-05
-1.139999981575024e-08,-0.0001745948488007798
-1.1199999813079953e-08,-0.0002384522867657779
-1.0999999810409667e-08,-0.00033666340971194586
-1.079999980773938e-08,-0.000406583262673621
-1.0599999805069094e-08,-0.0004959028436246626
-1.0399999802398808e-08,-0.0005888598735737105
-1.0199999799728521e-08,-0.0006709045565287397
-9.999999797058235e-09,-0.0007594158154802244
-9.799999794387948e-09,-0.0008459062694328168
-9.599999791717662e-09,-0.0009190594103927197
-9.399999789047376e-09,-0.0009833210093574962
-9.19999978637709e-09,-0.0010289912023324632
-8.999999783706803e-09,-0.001065769853312304
-8.799999781036517e-09,-0.001116694139284391
-8.59999977836623e-09,-0.001129627291277302
-8.399999775695944e-09,-0.001162364332259358
-8.199999773025657e-09,-0.0011470062142677762
-7.999999770355371e-09,-0.0011833807042478384
-7.799999767685085e-09,-0.001181359899248946
-7.599999765014798e-09,-0.0011902514412440723
-7.399999762344512e-09,-0.0011926764072427432
-7.199999759674225e-09,-0.0012076303642345465
-6.999999757003939e-09,-0.0011999513052387556
-6.799999754333653e-09,-0.0012274342532236915
-6.599999751663366e-09,-0.0012326883462208116
-6.39999974899308e-09,-0.0012714878021995446
-6.1999997463227934e-09,-0.0012601712942057475
-5.999999743652507e-09,-0.00127270028519888
-5.799999740982221e-09,-0.0012828043101933417
-5.599999738311934e-09,-0.0013066498091802714
-5.399999735641648e-09,-0.0012763377341968862
-5.1999997329713615e-09,-0.00122783841422347
-4.999999730301075e-09,-0.00118297654324806
-4.799999727630789e-09,-0.0012759335731971078
-4.599999724960502e-09,-0.0014254731431151413
-4.399999722290216e-09,-0.001753651874935258
-4.1999997196199295e-09,-0.00227582788664904
-3.999999716949643e-09,-0.0031783193991543612
-3.799999714279357e-09,-0.0041523474086204715
-3.5999997116090703e-09,-0.00480223829626425
-3.399999708938784e-09,-0.005014422821147946
-3.1999997062684975e-09,-0.004984110746164561
-2.999999703598211e-09,-0.0047969842032671295
-2.7999997009279248e-09,-0.004580758068385649
-2.5999996982576384e-09,-0.004394844008487553
-2.399999695587352e-09,-0.004355640391509041
-2.1999996929170656e-09,-0.004362106967505497
-1.999999690246779e-09,-0.004323711672526542
-1.7999996875764928e-09,-0.004032311591686266
-1.5999996849062064e-09,-0.003545297586953211
-1.39999968223592e-09,-0.002970580645268228
-1.1999996795656336e-09,-0.0025797569584824487
-9.999996768953472e-10,-0.002416475914571947
-7.999996742250608e-10,-0.002386972161588119
-5.999996715547744e-10,-0.002294823453638628
-3.9999966888448805e-10,-0.002089509665751166
-1.9999966621420166e-10,-0.0018720710478703495
3.3645608473285843e-16,-0.0016893902759704815
2.0000033912637112e-10,-0.001559654595041593
4.000003417966575e-10,-0.001440831261106723
6.000003444669439e-10,-0.001390715297134193
8.000003471372303e-10,-0.0013583824171519154
1.0000003498075167e-09,-0.0013151371901756193
1.200000352477803e-09,-0.0012096511692334388
1.4000003551480895e-09,-0.0010427326763249312
1.6000003578183759e-09,-0.0008560102944272785
1.8000003604886623e-09,-0.000745270180487978
2.0000003631589487e-09,-0.0007149581055045928
2.200000365829235e-09,-0.0007169789105034852
2.4000003684995214e-09,-0.0006818169035227584
2.600000371169808e-09,-0.0006171511435582033
2.8000003738400942e-09,-0.0005254065966084909
3.0000003765103806e-09,-0.0004413411086545693
3.200000379180667e-09,-0.0003649546796964387
3.4000003818509534e-09,-0.0003491924007050784
3.6000003845212398e-09,-0.0003156470377234655
3.800000387191526e-09,-0.00024128141376422718
4.0000003898618126e-09,-0.00010305835183999079
4.200000392532099e-09,4.203544708047957e-05
4.400000395202385e-09,0.00016853784001114036
4.600000397872672e-09,0.00028614869094667483
4.800000400542958e-09,0.00035000612891167293
5.0000004032132445e-09,0.00041750101587467725
5.200000405883531e-09,0.0005399617988075534
5.400000408553817e-09,0.0007109219017138457
5.600000411224104e-09,0.0008661197256287778
5.80000041389439e-09,0.0009906013135605463
6.0000004165646765e-09,0.0010358673455357348
6.200000419234963e-09,0.00103182573553795
6.400000421905249e-09,0.0010277841255401654
6.600000424575536e-09,0.0011037663934985176
6.800000427245822e-09,0.0012508809974178803
7.0000004299161085e-09,0.0013688960093531932
7.200000432586395e-09,0.0014638738443011334
7.400000435256681e-09,0.0014283076763206282
7.600000437926968e-09,0.0013798083563472119
7.800000440597254e-09,0.0013765750683489841
8.00000044326754e-09,0.0014808486062918291
8.200000445937827e-09,0.0016413005232038813
8.400000448608113e-09,0.0017382991631507139
8.6000004512784e-09,0.0017597196961389727
8.800000453948686e-09,0.0017112203761655564
9.000000456618972e-09,0.0016667626661899249
9.200000459289259e-09,0.0016914164871764115
9.400000461959545e-09,0.0018041774061146043
9.600000464629832e-09,0.0018344894810979895
9.800000467300118e-09,0.001859951624084033
1.0000000469970404e-08,0.0018437851840928943
1.020000047264069e-08,0.0018740972590762794
1.0400000475310977e-08,0.0018474226330909005
1.0600000477981264e-08,0.0018247896171033062
1.080000048065155e-08,0.0016893956821775191
1.1000000483321836e-08,0.0015200522232703406
1.1200000485992123e-08,0.0013547503743609468
1.1400000488662409e-08,0.0012820013944008224
1.1600000491332695e-08,0.0011938942964491162
1.1800000494002982e-08,0.00106617942051912
1.2000000496673268e-08,0.0009315938075928898
1.2200000499343555e-08,0.0008345951676460572
1.2400000502013841e-08,0.000799028999665552
1.2600000504684127e-08,0.0007456797476947941
1.2800000507354414e-08,0.0006591892937422017
1.30000005100247e-08,0.0004728710728443275
1.3200000512694987e-08,0.00027523634395265617
1.3400000515365273e-08,0.00017500441600759586
1.360000051803556e-08,0.0001289300620328504
1.3800000520705846e-08,0.0001471173070228815
1.4000000523376132e-08,0.00010225543604747145
1.4200000526046419e-08,3.6401521015250182e-06
1.4400000528716705e-08,-8.042533585239653e-05
1.4600000531386991e-08,-0.00010467499583910467
1.4800000534057278e-08,-9.659177584353529e-05
1.5000000536727564e-08,-0.00010265419084021232
1.520000053939785e-08,-0.00019601538178903866
1.5400000542068137e-08,-0.00032777186771681954
1.5600000544738423e-08,-0.00048014056463330235
1.580000054740871e-08,-0.000510048478616909
1.6000000550078996e-08,-0.0005051985466195674
1.6200000552749282e-08,-0.0005254065966084909
1.640000055541957e-08,-0.000601388864566843
1.6600000558089855e-08,-0.0006591838875351641
1.6800000560760142e-08,-0.0007868987634651603
1.7000000563430428e-08,-0.0008705600904193034
1.7200000566100714e-08,-0.0010039332203461981
1.7400000568771e-08,-0.0010896153522992336
1.7600000571441287e-08,-0.001156301917262681
1.7800000574111574e-08,-0.0011409437992710991
1.800000057678186e-08,-0.0011211399102819541
1.8200000579452146e-08,-0.0010985068942943599
1.8400000582122433e-08,-0.001149431180266447
1.860000058479272e-08,-0.0011498353412662254
1.8800000587463006e-08,-0.001156301917262681
1.9000000590133292e-08,-0.0010597074383156269
1.920000059280358e-08,-0.0009558380613725603
1.9400000595473865e-08,-0.0008192316434474378
1.960000059814415e-08,-0.0007432493754890857
1.9800000600814438e-08,-0.0006652463025318411
2.0000000603484724e-08,-0.0005937098055710521
2.020000060615501e-08,-0.0005096443176171306
2.0400000608825297e-08,-0.00039001266168270377
2.0600000611495583e-08,-0.00028493080174030183
2.080000061416587e-08,-0.00015681176481052717
2.1000000616836156e-08,-7.03213108579348e-05
2.1200000619506442e-08,2.0235081024111423e-06
2.140000062217673e-08,1.2531694096651336e-05
2.1600000624847015e-08,2.4656524090005405e-05
2.18000006275173e-08,6.224349706940302e-05
2.2000000630187588e-08,0.00013862992602753366
2.2200000632857874e-08,0.0002202704479827844
2.240000063552816e-08,0.00028574452994689636
2.2600000638198447e-08,0.0003528352559101222
2.2800000640868733e-08,0.0003803182038950581
2.300000064353902e-08,0.0003997179318844246
2.3200000646209306e-08,0.0004482172518578409
2.3400000648879593e-08,0.0005213703928177438
2.360000065154988e-08,0.000577548771786951
2.3800000654220165e-08,0.0006515102347464108
2.4000000656890452e-08,0.0007230467317071998
2.4200000659560738e-08,0.0008002414826648874
2.4400000662231025e-08,0.0008919860296145998
2.460000066490131e-08,0.0009756473565687429
2.4800000667571597e-08,0.0010350590235361778
2.5000000670241884e-08,0.001078304250512474
