保存した波形 C3
 1 列目は時間,2 列目は信号値
 
-2.52e-08,-8.487110684995969e-05
-2.4999999997329714e-08,-0.00020288611878527263
-2.4799999994659428e-08,-0.00027038100574827695
-2.459999999198914e-08,-0.00035889226469976165
-2.4399999989318855e-08,-0.0004482118456508033
-2.419999998664857e-08,-0.000549656256595199
-2.3999999983978282e-08,-0.0006094720845624124
-2.3799999981307996e-08,-0.0006947500555156694
-2.359999997863771e-08,-0.0007763905774709201
-2.3399999975967423e-08,-0.0008612643874243986
-2.3199999973297137e-08,-0.0009162302833942704
-2.299999997062685e-08,-0.0009744294673623699
-2.2799999967956564e-08,-0.0010289912023324632
-2.2599999965286278e-08,-0.0010863820643010058
-2.239999996261599e-08,-0.0011009318602930307
-2.2199999959945705e-08,-0.0011239690372804034
-2.199999995727542e-08,-0.0011332647402753082
-2.1799999954605132e-08,-0.0011272023252786312
-2.1599999951934846e-08,-0.0010964860892954675
-2.139999994926456e-08,-0.0010661740143120824
-2.1199999946594273e-08,-0.0010006999323479704
-2.0999999943923986e-08,-0.0009562422223723388
-2.07999999412537e-08,-0.0008697517684197464
-2.0599999938583414e-08,-0.0007937695004613943
-2.0399999935913127e-08,-0.0006858585135205431
-2.019999993324284e-08,-0.0005848182635759258
-1.9999999930572554e-08,-0.0004769072766350746
-1.9799999927902268e-08,-0.000373846221691565
-1.9599999925231982e-08,-0.00026633939575049226
-1.9399999922561695e-08,-0.00015964089180897645
-1.919999991989141e-08,-4.930493886945442e-05
-1.8999999917221123e-08,6.345598006873843e-05
-1.8799999914550836e-08,0.00017904602600538055
-1.859999991188055e-08,0.00029099862294401646
-1.8399999909210263e-08,0.000407801151879994
-1.8199999906539977e-08,0.0005237953588164146
-1.799999990386969e-08,0.0006147315837665701
-1.7799999901199404e-08,0.000700817876719384
-1.7599999898529118e-08,0.0008006456436646658
-1.739999989585883e-08,0.0008867319366174797
-1.7199999893188545e-08,0.0009691807805722874
-1.699999989051826e-08,0.001013638490547919
-1.6799999887847972e-08,0.0010762834455135817
-1.6599999885177686e-08,0.0011090204864956377
-1.63999998825074e-08,0.0011631780604659525
-1.6199999879837113e-08,0.0011692404754626295
-1.5999999877166827e-08,0.0011866193984531037
-1.579999987449654e-08,0.001203189999444021
-1.5599999871826254e-08,0.0012185481174356028
-1.5399999869155967e-08,0.0012181439564358243
-1.519999986648568e-08,0.0012088482534409195
-1.4999999863815395e-08,0.0012193564394351597
-1.4799999861145108e-08,0.0011922776524500023
-1.4599999858474822e-08,0.0011777278564579774
-1.4399999855804535e-08,0.001142970010477029
-1.4199999853134249e-08,0.0011328659854825673
-1.3999999850463963e-08,0.0010952790125031697
-1.3799999847793676e-08,0.0010378881505346271
-1.359999984512339e-08,0.0009671599755733951
-1.3399999842453104e-08,0.0009101732746046309
-1.3199999839782817e-08,0.0008491449636380821
-1.299999983711253e-08,0.0008083247026604568
-1.2799999834442244e-08,0.0007226425707074213
-1.2599999831771958e-08,0.0006604017767415371
-1.2399999829101672e-08,0.0005872486357816342
-1.2199999826431385e-08,0.0005015665038285988
-1.1999999823761099e-08,0.0004300300068678098
-1.1799999821090812e-08,0.00034596451891388824
-1.1599999818420526e-08,0.00026796144595664373
-1.139999981575024e-08,0.0001851084410020576
-1.1199999813079953e-08,0.00010953033404348389
-1.0999999810409667e-08,3.799383708269488e-05
-1.079999980773938e-08,-3.273433787853719e-05
-1.0599999805069094e-08,-8.850855584796591e-05
-1.0399999802398808e-08,-0.00015277015481274248
-1.0199999799728521e-08,-0.000198036186787931
-9.999999797058235e-09,-0.0002461313457615688
-9.799999794387948e-09,-0.00028331415774118796
-9.599999791717662e-09,-0.0003310051557150473
-9.399999789047376e-09,-0.00035242568870330615
-9.19999978637709e-09,-0.00037182541669267266
-8.999999783706803e-09,-0.00037950447568846357
-8.799999781036517e-09,-0.0003621255526979894
-8.59999977836623e-09,-0.00035363817170264156
-8.399999775695944e-09,-0.00032090113072058557
-8.199999773025657e-09,-0.00028493080174030183
-7.999999770355371e-09,-0.00024572718476179034
-7.799999767685085e-09,-0.00020692772878305732
-7.599999765014798e-09,-0.00014145364681894534
-7.399999762344512e-09,-7.355459885616256e-05
-7.199999759674225e-09,-2.4222628951520164e-06
-6.999999757003939e-09,5.1735311075162826e-05
-6.799999754333653e-09,0.0001301425450321858
-6.599999751663366e-09,0.00017136696700958964
-6.39999974899308e-09,0.00022633286297946142
-6.1999997463227934e-09,0.0002841278859477825
-5.999999743652507e-09,0.0003083775459344906
-5.799999740982221e-09,0.0003831473308935074
-5.599999738311934e-09,0.000479337648840783
-5.399999735641648e-09,0.0005876527967814127
-5.1999997329713615e-09,0.000687884724726473
-4.999999730301075e-09,0.0007400214936978955
-4.799999727630789e-09,0.0007776084666772931
-4.599999724960502e-09,0.0007666961196832744
-4.399999722290216e-09,0.0007966040336668812
-4.1999997196199295e-09,0.0009227022655977635
-3.999999716949643e-09,0.00106617942051912
-3.799999714279357e-09,0.001144586654476143
-3.5999997116090703e-09,0.001117103706491207
-3.399999708938784e-09,0.0009538226625807056
-3.1999997062684975e-09,0.0007816500766750778
-2.999999703598211e-09,0.000662018420740651
-2.7999997009279248e-09,0.0006288772187588165
-2.5999996982576384e-09,0.0005613823317958122
-2.399999695587352e-09,0.0004971207328310356
-2.1999996929170656e-09,0.00035485606090901456
-1.999999690246779e-09,0.00013458831602974897
-1.7999996875764928e-09,-8.0829496852175e-05
-1.5999996849062064e-09,-0.00016853243380410277
-1.39999968223592e-09,-0.00012852049482603434
-1.1999996795656336e-09,-2.020534688540465e-05
-9.999996768953472e-10,-5.655550893379768e-06
-7.999996742250608e-10,-7.03213108579348e-05
-5.999996715547744e-10,-0.0002150109487786267
-3.9999966888448805e-10,-0.00031483871572390854
-1.9999966621420166e-10,-0.00039688339867893774
3.3645608473285843e-16,-0.00044902016765036024
2.0000033912637112e-10,-0.0005375314266018449
4.000003417966575e-10,-0.0006365508715475698
6.000003444669439e-10,-0.0007088956905079158
8.000003471372303e-10,-0.0007800280264689263
1.0000003498075167e-09,-0.000934013367384523
1.200000352477803e-09,-0.0010851695813016704
1.4000003551480895e-09,-0.0012100553302332173
1.6000003578183759e-09,-0.001286441759191348
1.8000003604886623e-09,-0.001291695852188468
2.0000003631589487e-09,-0.001313116385176727
2.200000365829235e-09,-0.0013624240271497001
2.4000003684995214e-09,-0.0014610393110956466
2.600000371169808e-09,-0.0015515713750460236
2.8000003738400942e-09,-0.001657057395988204
3.0000003765103806e-09,-0.001723339799951873
3.200000379180667e-09,-0.0018021511949086744
3.4000003818509534e-09,-0.0018858125218628174
3.6000003845212398e-09,-0.00193794929083424
3.800000387191526e-09,-0.001950882442827151
4.0000003898618126e-09,-0.0018805584288656974
4.200000392532099e-09,-0.0018340799138911734
4.400000395202385e-09,-0.0018546921248798753
4.600000397872672e-09,-0.0019064247328515194
4.800000400542958e-09,-0.0019343118418362337
5.0000004032132445e-09,-0.0018631795058752232
5.200000405883531e-09,-0.0017702224759261753
5.400000408553817e-09,-0.0016396784729977298
5.600000411224104e-09,-0.001540659028052005
5.80000041389439e-09,-0.0014658892430929882
6.0000004165646765e-09,-0.001389906975134636
6.200000419234963e-09,-0.0012880584031904618
6.400000421905249e-09,-0.001195101373241414
6.600000424575536e-09,-0.0011017401822925876
6.800000427245822e-09,-0.0010112081183422106
7.0000004299161085e-09,-0.0009089553853982579
7.200000432586395e-09,-0.0008079151354536407
7.400000435256681e-09,-0.0007016207925119033
7.600000437926968e-09,-0.0006563547605367148
7.800000440597254e-09,-0.0005880515515741536
8.00000044326754e-09,-0.0005363189436025095
8.200000445937827e-09,-0.00042679131266254444
8.400000448608113e-09,-0.0002752309377456186
8.6000004512784e-09,-0.00014226196881850228
8.800000453948686e-09,-5.253822686768217e-05
9.000000456618972e-09,1.6193471026326733e-06
9.200000459289259e-09,4.16312860807011e-05
9.400000461959545e-09,8.123906405899106e-05
9.600000464629832e-09,0.0001289300620328504
9.800000467300118e-09,0.0002045081689914241
1.0000000469970404e-08,0.0002893819789449026
1.020000047264069e-08,0.0003920388728886337
1.0400000475310977e-08,0.000459533759851638
1.0600000477981264e-08,0.0004829750978387892
1.080000048065155e-08,0.0004191176598737911
1.1000000483321836e-08,0.00030918586793404756
1.1200000485992123e-08,0.00019561662699629778
1.1400000488662409e-08,0.00015560468801822935
1.1600000491332695e-08,0.00017257945000892505
1.1800000494002982e-08,0.00016894200101091883
1.2000000496673268e-08,8.2047386058548e-05
1.2200000499343555e-08,-4.890077786967595e-05
1.2400000502013841e-08,-0.00015398263781207788
1.2600000504684127e-08,-0.00022107336377530373
1.2800000507354414e-08,-0.0002711893277478339
1.30000005100247e-08,-0.00030271388573055447
1.3200000512694987e-08,-0.0003685921286944449
1.3400000515365273e-08,-0.00044376607465324014
1.360000051803556e-08,-0.0004769072766350746
1.3800000520705846e-08,-0.0005080276736180167
1.4000000523376132e-08,-0.0005779475265796918
1.4200000526046419e-08,-0.0006159386605588679
1.4400000528716705e-08,-0.0006939417335161124
1.4600000531386991e-08,-0.0007299120624963962
1.4800000534057278e-08,-0.0007226371645003837
1.5000000536727564e-08,-0.0007198080375019345
1.520000053939785e-08,-0.000738399443491744
1.5400000542068137e-08,-0.000816806677448767
1.5600000544738423e-08,-0.0009182510883931627
1.580000054740871e-08,-0.0009885751023546163
1.6000000550078996e-08,-0.0010160580503395522
1.6200000552749282e-08,-0.0010120164403417675
1.640000055541957e-08,-0.0009970624833499642
1.6600000558089855e-08,-0.0010043373813459766
1.6800000560760142e-08,-0.0010120164403417675
1.7000000563430428e-08,-0.00105889911631607
1.7200000566100714e-08,-0.0011203315882823972
1.7400000568771e-08,-0.0011854015092467307
1.7600000571441287e-08,-0.001214096940231002
1.7800000574111574e-08,-0.00118823063624518
1.800000057678186e-08,-0.0010981027332945814
1.8200000579452146e-08,-0.0009998916103484135
1.8400000582122433e-08,-0.0009186552493929412
1.860000058479272e-08,-0.0009093595463980364
1.8800000587463006e-08,-0.000888343174409556
1.9000000590133292e-08,-0.0008446937864334814
1.920000059280358e-08,-0.0007432493754890857
1.9400000595473865e-08,-0.0006228093975551019
1.960000059814415e-08,-0.0004874154626293148
1.9800000600814438e-08,-0.000380716958687799
2.0000000603484724e-08,-0.0002881640897385296
2.020000060615501e-08,-0.00020167363578593722
2.0400000608825297e-08,-0.00010063338584131998
2.0600000611495583e-08,-2.4222628951520164e-06
2.080000061416587e-08,0.00013135502803152121
2.1000000616836156e-08,0.00027402386095332076
2.1200000619506442e-08,0.00043326329486603754
2.140000062217673e-08,0.0005739113227889447
2.1600000624847015e-08,0.0006830347927291314
2.18000006275173e-08,0.00073355491770144
2.2000000630187588e-08,0.000799028999665552
2.2200000632857874e-08,0.0008843069706188089
2.240000063552816e-08,0.0010209133885439314
2.2600000638198447e-08,0.0011708571194617434
2.2800000640868733e-08,0.0012965511903928473
2.300000064353902e-08,0.0014016330503352492
2.3200000646209306e-08,0.001474786191295152
2.3400000648879593e-08,0.001566934899244643
2.360000065154988e-08,0.0016279632102111918
2.3800000654220165e-08,0.0016889915211777407
2.4000000656890452e-08,0.0017888192881230225
2.4200000659560738e-08,0.001874501420076058
2.4400000662231025e-08,0.00198483737301558
2.460000066490131e-08,0.002067690377970166
2.4800000667571597e-08,0.002133164459934278
2.5000000670241884e-08,0.002140035196930512
