保存した波形 C3
 1 列目は時間,2 列目は信号値
 
-2.52e-08,4.852635100860425e-06
-2.4999999997329714e-08,-2.2630312884075465e-05
-2.4799999994659428e-08,-3.0713532879644845e-05
-2.459999999198914e-08,-5.7792319864802266e-05
-2.4399999989318855e-08,-7.961701385283959e-05
-2.419999998664857e-08,-0.00012003311383068649
-2.3999999983978282e-08,-0.0001446869348171731
-2.3799999981307996e-08,-0.00018671967879413387
-2.359999997863771e-08,-0.0001956112207892602
-2.3399999975967423e-08,-0.00022511497377308842
-2.3199999973297137e-08,-0.00022228584677463914
-2.299999997062685e-08,-0.00023885644776555637
-2.2799999967956564e-08,-0.00024572718476179034
-2.2599999965286278e-08,-0.00025461872675691666
-2.239999996261599e-08,-0.0002590644977544798
-2.2199999959945705e-08,-0.0002461313457615688
-2.199999995727542e-08,-0.0002461313457615688
-2.1799999954605132e-08,-0.0002137984657792913
-2.1599999951934846e-08,-0.00021420262677906976
-2.139999994926456e-08,-0.0002085443727821712
-2.1199999946594273e-08,-0.00019520705978948172
-2.0999999943923986e-08,-0.00018591135679457693
-2.07999999412537e-08,-0.0001810614247972353
-2.0599999938583414e-08,-0.00017621149279989368
-2.0399999935913127e-08,-0.00016772411180454583
-2.019999993324284e-08,-0.00016893659480388123
-1.9999999930572554e-08,-0.00015357847681229941
-1.9799999927902268e-08,-0.00014266612981828075
-1.9599999925231982e-08,-0.000126499689827142
-1.9399999922561695e-08,-0.00011275821583467405
-1.919999991989141e-08,-9.416680984486447e-05
-1.8999999917221123e-08,-8.285030185106734e-05
-1.8799999914550836e-08,-5.981312486369461e-05
-1.859999991188055e-08,-6.183392986258696e-05
-1.8399999909210263e-08,-2.9905210880087907e-05
-1.8199999906539977e-08,-1.2122126889835272e-05
-1.799999990386969e-08,2.0210753092442246e-05
-1.7799999901199404e-08,2.1423236091777653e-05
-1.7599999898529118e-08,4.68853790778212e-05
-1.739999989585883e-08,5.133115007538436e-05
-1.7199999893188545e-08,7.760161506098484e-05
-1.699999989051826e-08,8.366403005766188e-05
-1.6799999887847972e-08,9.255557205278819e-05
-1.6599999885177686e-08,9.861798704946523e-05
-1.63999998825074e-08,0.00012286764703617337
-1.6199999879837113e-08,0.00012125100303705949
-1.5999999877166827e-08,0.00013580079902908437
-1.579999987449654e-08,0.00012569677403462265
-1.5599999871826254e-08,0.00012690925703395806
-1.5399999869155967e-08,0.0001301425450321858
-1.519999986648568e-08,0.0001366091210286413
-1.4999999863815395e-08,0.00011963435903794561
-1.4799999861145108e-08,0.0001265050960341796
-1.4599999858474822e-08,9.659718205057288e-05
-1.4399999855804535e-08,8.608899605633269e-05
-1.4199999853134249e-08,6.103101407006761e-05
-1.3999999850463963e-08,4.243960808025804e-05
-1.3799999847793676e-08,2.8698134087790095e-05
-1.359999984512339e-08,3.476054908446713e-05
-1.3399999842453104e-08,1.6193471026326733e-06
-1.3199999839782817e-08,-9.697160891164458e-06
-1.299999983711253e-08,-2.9905210880087907e-05
-1.2799999834442244e-08,-4.890077786967595e-05
-1.2599999831771958e-08,-7.355459885616256e-05
-1.2399999829101672e-08,-9.618761484375682e-05
-1.2199999826431385e-08,-0.00010507915683888314
-1.1999999823761099e-08,-0.00012286224082913577
-1.1799999821090812e-08,-0.00015196183281318554
-1.1599999818420526e-08,-0.00015034518881407166
-1.139999981575024e-08,-0.00019318625479058937
-1.1199999813079953e-08,-0.000210969338780842
-1.0999999810409667e-08,-0.00022430665177353148
-1.079999980773938e-08,-0.00022309416877419608
-1.0599999805069094e-08,-0.0002384522867657779
-1.0399999802398808e-08,-0.00023036906677020852
-1.0199999799728521e-08,-0.00022956074477065158
-9.999999797058235e-09,-0.00022632745677242383
-9.799999794387948e-09,-0.00022511497377308842
-9.599999791717662e-09,-0.0002057152457837219
-9.399999789047376e-09,-0.00020531108478394344
-9.19999978637709e-09,-0.0002085443727821712
-8.999999783706803e-09,-0.0002073318897828358
-8.799999781036517e-09,-0.00021864839777663292
-8.59999977836623e-09,-0.00021945671977618986
-8.399999775695944e-09,-0.0002214775247750822
-8.199999773025657e-09,-0.00021339430477951282
-7.999999770355371e-09,-0.00022390249077375302
-7.799999767685085e-09,-0.0002174359147772975
-7.599999765014798e-09,-0.0001992486697872664
-7.399999762344512e-09,-0.00019318625479058937
-7.199999759674225e-09,-0.00019318625479058937
-6.999999757003939e-09,-0.00016610746780543195
-6.799999754333653e-09,-0.00015802424780986257
-6.599999751663366e-09,-0.00011477902083356639
-6.39999974899308e-09,-0.00010871660583688936
-6.1999997463227934e-09,-6.627970086015011e-05
-5.999999743652507e-09,-4.526332887166973e-05
-5.799999740982221e-09,-1.1717965890056803e-05
-5.599999738311934e-09,2.0614914092220715e-05
-5.399999735641648e-09,7.356000506320015e-05
-5.1999997329713615e-09,0.00012408013003550877
-4.999999730301075e-09,0.00015924213701623557
-4.799999727630789e-09,0.00021986628698300592
-4.599999724960502e-09,0.00021339971098655042
-4.399999722290216e-09,0.00024128681997126478
-4.1999997196199295e-09,0.00026634480195752985
-3.999999716949643e-09,0.00030918586793404756
-3.799999714279357e-09,0.00036536424690325475
-3.5999997116090703e-09,0.0004065886688806586
-3.399999708938784e-09,0.00041345940587689256
-3.1999997062684975e-09,0.00036172679790524853
-2.999999703598211e-09,0.000329393917922971
-2.7999997009279248e-09,0.00029908184293958584
-2.5999996982576384e-09,0.00027806547095110545
-2.399999695587352e-09,0.00029221110594335187
-2.1999996929170656e-09,0.0003011026479384782
-1.999999690246779e-09,0.0002784696319508839
-1.7999996875764928e-09,0.00026109070896040976
-1.5999996849062064e-09,0.0001980415929949686
-1.39999968223592e-09,0.00014347985802487528
-1.1999996795656336e-09,0.00013458831602974897
-9.999996768953472e-10,0.00016449623001335567
-7.999996742250608e-10,0.0002045081689914241
-5.999996715547744e-10,0.0002069331349900949
-3.9999966888448805e-10,0.00018268347500338677
-1.9999966621420166e-10,9.821382604968676e-05
3.3645608473285843e-16,3.920632008203029e-05
2.0000033912637112e-10,4.0418803081365695e-05
4.000003417966575e-10,2.9910617087125502e-05
6.000003444669439e-10,3.2739744085574785e-05
8.000003471372303e-10,2.4252363090226936e-05
1.0000003498075167e-09,1.5764982094879088e-05
1.200000352477803e-09,-1.4142931888727617e-05
1.4000003551480895e-09,-6.466305686103624e-05
1.6000003578183759e-09,-0.00010669580083799701
1.8000003604886623e-09,-0.00015155767181340707
2.0000003631589487e-09,-0.0001576200868100841
2.200000365829235e-09,-0.0001745948488007798
2.4000003684995214e-09,-0.000198036186787931
2.600000371169808e-09,-0.0002812933527422956
2.8000003738400942e-09,-0.0003871835346842545
3.0000003765103806e-09,-0.0004894362676282071
3.200000379180667e-09,-0.0005553145105920976
3.4000003818509534e-09,-0.0005937098055710521
3.6000003845212398e-09,-0.0006506965065398163
3.800000387191526e-09,-0.0007202121985017129
4.0000003898618126e-09,-0.0008123609064512038
4.200000392532099e-09,-0.0008758141834164235
4.400000395202385e-09,-0.0009287592743874029
4.600000397872672e-09,-0.0009752377893619268
4.800000400542958e-09,-0.0010031248983466412
5.0000004032132445e-09,-0.0010500075743209436
5.200000405883531e-09,-0.0010544533453185068
5.400000408553817e-09,-0.0010920403182979044
5.600000411224104e-09,-0.0010815321323036642
5.80000041389439e-09,-0.0010738530733078733
6.0000004165646765e-09,-0.0010479867693220513
6.200000419234963e-09,-0.0010225246263360077
6.400000421905249e-09,-0.000978875238359933
6.600000424575536e-09,-0.0009352258503838584
6.800000427245822e-09,-0.0009016804874022455
7.0000004299161085e-09,-0.0008673268024210756
7.200000432586395e-09,-0.000835802244438355
7.400000435256681e-09,-0.0007917486954625019
7.600000437926968e-09,-0.0007161705885039282
7.800000440597254e-09,-0.0006418049645446899
8.00000044326754e-09,-0.0005791600095790272
8.200000445937827e-09,-0.0005439980025983004
8.400000448608113e-09,-0.0004991361316228904
8.6000004512784e-09,-0.00044780768465102483
8.800000453948686e-09,-0.0003726337386922296
9.000000456618972e-09,-0.00028493080174030183
9.200000459289259e-09,-0.0001992486697872664
9.400000461959545e-09,-0.0001446869348171731
9.600000464629832e-09,-8.527526784973816e-05
9.800000467300118e-09,-3.8392591875435755e-05
1.0000000469970404e-08,3.1931422086017847e-05
1.020000047264069e-08,8.972644505433891e-05
1.0400000475310977e-08,0.00016853784001114036
1.0600000477981264e-08,0.0002667489629573083
1.080000048065155e-08,0.0003645559249036978
1.1000000483321836e-08,0.00044094235386182845
1.1200000485992123e-08,0.0005011623428288203
1.1400000488662409e-08,0.0005460242138042304
1.1600000491332695e-08,0.0005779529327867294
1.1800000494002982e-08,0.0006418103707517275
1.2000000496673268e-08,0.0007222384097076429
1.2200000499343555e-08,0.0008398492606431773
1.2400000502013841e-08,0.0009045150206077324
1.2600000504684127e-08,0.0009586725945780472
1.2800000507354414e-08,0.0009873680255623185
1.30000005100247e-08,0.0010116176855490266
1.3200000512694987e-08,0.0010500129805279812
1.3400000515365273e-08,0.0011013414274998468
1.360000051803556e-08,0.0011611572554670602
1.3800000520705846e-08,0.0012132940244384827
1.4000000523376132e-08,0.0012828097164003793
1.4200000526046419e-08,0.0013038260883888597
1.4400000528716705e-08,0.0013361589683711372
1.4600000531386991e-08,0.0013499004423636052
1.4800000534057278e-08,0.00135919614535851
1.5000000536727564e-08,0.001410928753330154
1.520000053939785e-08,0.0014691279372982535
1.5400000542068137e-08,0.001495398402283854
1.5600000544738423e-08,0.00152288135026879
1.580000054740871e-08,0.0015026733002798665
1.6000000550078996e-08,0.001464278005300912
1.6200000552749282e-08,0.0014464949213106593
1.640000055541957e-08,0.0014485157263095516
1.6600000558089855e-08,0.0014784236402931583
1.6800000560760142e-08,0.001516010613272556
1.7000000563430428e-08,0.0014986316902820818
1.7200000566100714e-08,0.001482465250290943
1.7400000568771e-08,0.001450536531308444
1.7600000571441287e-08,0.0014036538553341416
1.7800000574111574e-08,0.0013785958733478765
1.800000057678186e-08,0.0013624294333567377
1.8200000579452146e-08,0.0013494962813638267
1.8400000582122433e-08,0.00131958836738022
1.860000058479272e-08,0.001293722063394398
1.8800000587463006e-08,0.0012270354984309506
1.9000000590133292e-08,0.001130036858484118
1.920000059280358e-08,0.0010779000895126956
1.9400000595473865e-08,0.0010245508375419377
1.960000059814415e-08,0.0009639266875751673
1.9800000600814438e-08,0.0009227022655977635
2.0000000603484724e-08,0.0008608656326316577
2.020000060615501e-08,0.0007998373216651089
2.0400000608825297e-08,0.0007468922306941295
2.0600000611495583e-08,0.0006834389537289098
2.080000061416587e-08,0.0006195815157639117
2.1000000616836156e-08,0.000551682467801129
2.1200000619506442e-08,0.0004971207328310356
2.140000062217673e-08,0.00044094235386182845
2.1600000624847015e-08,0.0003609184759056916
2.18000006275173e-08,0.0002817029199491117
2.2000000630187588e-08,0.0002485617179672772
2.2200000632857874e-08,0.00019561662699629778
2.240000063552816e-08,0.00016085878101534945
2.2600000638198447e-08,0.00010953033404348389
2.2800000640868733e-08,5.6585243072504454e-05
2.300000064353902e-08,1.81899480935499e-05
2.3200000646209306e-08,-3.758426987587882e-05
2.3400000648879593e-08,-8.527526784973816e-05
2.360000065154988e-08,-0.00014509109581695157
2.3800000654220165e-08,-0.00019965283078704488
2.4000000656890452e-08,-0.00026148946375315063
2.4200000659560738e-08,-0.00033666340971194586
2.4400000662231025e-08,-0.00038354608568624826
2.460000066490131e-08,-0.0004336620496587784
2.4800000667571597e-08,-0.0005015610976215612
2.5000000670241884e-08,-0.00056258940858811
