保存した波形 C3
 1 列目は時間,2 列目は信号値
 
-2.52e-08,-0.0010168663723391091
-2.4999999997329714e-08,-0.0009255259863891752
-2.4799999994659428e-08,-0.0008289315074421211
-2.459999999198914e-08,-0.000732337028495067
-2.4399999989318855e-08,-0.0006074512795635201
-2.419999998664857e-08,-0.0004890321066284287
-2.3999999983978282e-08,-0.00036818796769466644
-2.3799999981307996e-08,-0.0002594686587542583
-2.359999997863771e-08,-0.00011275821583467405
-2.3399999975967423e-08,-4.0145789625967154e-07
-2.3199999973297137e-08,0.00013256751103085662
-2.299999997062685e-08,0.00026796144595664373
-2.2799999967956564e-08,0.00039042222888951983
-2.2599999965286278e-08,0.0005100538848239466
-2.239999996261599e-08,0.000615539905766127
-2.2199999959945705e-08,0.0007323424347021046
-2.199999995727542e-08,0.000843890870640962
-2.1799999954605132e-08,0.0009275521975951051
-2.1599999951934846e-08,0.0010003011775552295
-2.139999994926456e-08,0.0010803250555113664
-2.1199999946594273e-08,0.001124782765486998
-2.0999999943923986e-08,0.0011470116204748138
-2.07999999412537e-08,0.001168836314462851
-2.0599999938583414e-08,0.001175707051459085
-2.0399999935913127e-08,0.0011732820854604142
-2.019999993324284e-08,0.0011284202144850042
-1.9999999930572554e-08,0.0011130620964934224
-1.9799999927902268e-08,0.0010807292165111448
-1.9599999925231982e-08,0.0010544587515255444
-1.9399999922561695e-08,0.0010439505655313042
-1.919999991989141e-08,0.0010330382185372855
-1.8999999917221123e-08,0.001012830168548362
-1.8799999914550836e-08,0.0009509935355822563
-1.859999991188055e-08,0.0009299771635937759
-1.8399999909210263e-08,0.0009008775716097261
-1.8199999906539977e-08,0.0008782445556221319
-1.799999990386969e-08,0.0008224703376527032
-1.7799999901199404e-08,0.0007735668566795084
-1.7599999898529118e-08,0.0007072844527158395
-1.739999989585883e-08,0.0006013942707738806
-1.7199999893188545e-08,0.0004805501318401184
-1.699999989051826e-08,0.00036657672990259016
-1.6799999887847972e-08,0.00023684104897370162
-1.6599999885177686e-08,0.00013782160402797672
-1.63999998825074e-08,2.1423236091777653e-05
-1.6199999879837113e-08,-8.325446285084581e-05
-1.5999999877166827e-08,-0.00017499900980055827
-1.579999987449654e-08,-0.0002550228877566951
-1.5599999871826254e-08,-0.00035404233270242
-1.5399999869155967e-08,-0.0004348745326581138
-1.519999986648568e-08,-0.0005213649866107062
-1.4999999863815395e-08,-0.0005508687395945344
-1.4799999861145108e-08,-0.0005827974585770335
-1.4599999858474822e-08,-0.0006038138305655139
-1.4399999855804535e-08,-0.0006203844315564311
-1.4199999853134249e-08,-0.000672925361527632
-1.3999999850463963e-08,-0.000739207765491301
-1.3799999847793676e-08,-0.0007683073574753507
-1.359999984512339e-08,-0.0007674990354757938
-1.3399999842453104e-08,-0.0007553742054824397
-1.3199999839782817e-08,-0.0007355703164932947
-1.299999983711253e-08,-0.0007230413255001622
-1.2799999834442244e-08,-0.0007432493754890857
-1.2599999831771958e-08,-0.0007299120624963962
-1.2399999829101672e-08,-0.0007121289785061435
-1.2199999826431385e-08,-0.0006490798625407024
-1.1999999823761099e-08,-0.0006034096695657354
-1.1799999821090812e-08,-0.0005322773336047248
-1.1599999818420526e-08,-0.00048135304763263775
-1.139999981575024e-08,-0.00042557882966320904
-1.1199999813079953e-08,-0.00033787589271128127
-1.0999999810409667e-08,-0.0002372398037664425
-1.079999980773938e-08,-0.00014630357881628697
-1.0599999805069094e-08,-4.6879972870783604e-05
-1.0399999802398808e-08,5.416027707383364e-05
-1.0199999799728521e-08,0.0001705586450100327
-9.999999797058235e-09,0.0003269689519243002
-9.799999794387948e-09,0.00047610436084255525
-9.599999791717662e-09,0.000610285812769007
-9.399999789047376e-09,0.0006987970717204917
-9.19999978637709e-09,0.0007889249746710902
-8.999999783706803e-09,0.0009231064265975419
-8.799999781036517e-09,0.0010706251915166831
-8.59999977836623e-09,0.0012193564394351597
-8.399999775695944e-09,0.0013199925283799985
-8.199999773025657e-09,0.0013539420523613899
-7.999999770355371e-09,0.0013587919843587315
-7.799999767685085e-09,0.0014012288893354707
-7.599999765014798e-09,0.0014545781413062286
-7.399999762344512e-09,0.0014828694112907215
-7.199999759674225e-09,0.0014270951933212928
-6.999999757003939e-09,0.0013486879593642698
-6.799999754333653e-09,0.0012892762923968348
-6.599999751663366e-09,0.0012642183104105698
-6.39999974899308e-09,0.001229056303429843
-6.1999997463227934e-09,0.0011639863824655095
-5.999999743652507e-09,0.0010104052025496912
-5.799999740982221e-09,0.0007957957116673242
-5.599999738311934e-09,0.0005860361527822988
-5.399999735641648e-09,0.00043568826086470835
-5.1999997329713615e-09,0.00040820531287977246
-4.999999730301075e-09,0.00042922168486825285
-4.799999727630789e-09,0.0005023748258281557
-4.599999724960502e-09,0.0005343035448106548
-4.399999722290216e-09,0.0002784696319508839
-4.1999997196199295e-09,-0.0003532340107028631
-3.999999716949643e-09,-0.0011498353412662254
-3.799999714279357e-09,-0.0016004748560192184
-3.5999997116090703e-09,-0.0014093067031240025
-3.399999708938784e-09,-0.000732337028495067
-3.1999997062684975e-09,-0.00018833632279324775
-2.999999703598211e-09,-0.0003649546796964387
-2.7999997009279248e-09,-0.001239154922217267
-2.5999996982576384e-09,-0.0020381812187793003
-2.399999695587352e-09,-0.0019193578848444304
-2.1999996929170656e-09,-0.000869347607419968
-1.999999690246779e-09,0.0001798543480049375
-1.7999996875764928e-09,0.0003253523079251863
-1.5999996849062064e-09,-0.00038758769568403295
-1.39999968223592e-09,-0.0012423882102154948
-1.1999996795656336e-09,-0.0015911791530243136
-9.999996768953472e-10,-0.0015253009100604231
-7.999996742250608e-10,-0.001708790003959848
-5.999996715547744e-10,-0.002421325846569289
-3.9999966888448805e-10,-0.003116078605188477
-1.9999966621420166e-10,-0.003037671371231454
3.3645608473285843e-16,-0.0023049274786330898
2.0000033912637112e-10,-0.0017746682469237385
4.000003417966575e-10,-0.0021840833396993276
6.000003444669439e-10,-0.003088595657203541
8.000003471372303e-10,-0.0033933330510365067
1.0000003498075167e-09,-0.0024346631595619783
1.200000352477803e-09,-0.0007800280264689263
1.4000003551480895e-09,0.0005124788508226175
1.6000003578183759e-09,0.000668080835737328
1.8000003604886623e-09,-6.749218385948552e-05
2.0000003631589487e-09,-0.0007974069494594005
2.200000365829235e-09,-0.0008859182084108852
2.4000003684995214e-09,-0.00020288611878527263
2.600000371169808e-09,0.0007743751786790654
2.8000003738400942e-09,0.001404866338333477
3.0000003765103806e-09,0.0012363312014258554
3.200000379180667e-09,0.0003540477389094576
3.4000003818509534e-09,-0.00043851198165612004
3.6000003845212398e-09,-0.000380716958687799
3.800000387191526e-09,0.0005642114587942615
4.0000003898618126e-09,0.001685758233179513
4.200000392532099e-09,0.0021663056619161125
4.400000395202385e-09,0.001755678086141188
4.600000397872672e-09,0.0009756473565687429
4.800000400542958e-09,0.0005925027287787543
5.0000004032132445e-09,0.0008459116756398544
5.200000405883531e-09,0.001410928753330154
5.400000408553817e-09,0.0016372589132060966
5.600000411224104e-09,0.0012524976414169942
5.80000041389439e-09,0.0006042233977723299
6.0000004165646765e-09,0.0004126510838773356
6.200000419234963e-09,0.0009505893745824778
6.400000421905249e-09,0.001800539957116598
6.600000424575536e-09,0.002311399460836583
6.800000427245822e-09,0.0022645167848622805
7.0000004299161085e-09,0.0019310839600450436
7.200000432586395e-09,0.0018429768620933373
7.400000435256681e-09,0.002146905933926746
7.600000437926968e-09,0.0026913108006283437
7.800000440597254e-09,0.003180345610360291
8.00000044326754e-09,0.003519032528174648
8.200000445937827e-09,0.003887627359972612
8.400000448608113e-09,0.004376258008704781
8.6000004512784e-09,0.004739194586505846
8.800000453948686e-09,0.004666041445545943
9.000000456618972e-09,0.0041600318738233
9.200000459289259e-09,0.003575615068143634
9.400000461959545e-09,0.003172262390364722
9.600000464629832e-09,0.002979477593470392
9.800000467300118e-09,0.0027850761525769485
1.0000000469970404e-08,0.00243628520976813
1.020000047264069e-08,0.0018583349800849192
1.0400000475310977e-08,0.0012060191264424702
1.0600000477981264e-08,0.0006474686247486261
1.080000048065155e-08,0.00030433593593670594
1.1000000483321836e-08,0.0002566449379628466
1.1200000485992123e-08,0.00044336731986049926
1.1400000488662409e-08,0.000590481923779862
1.1600000491332695e-08,0.0004001220928842031
1.1800000494002982e-08,-0.0002396647697651133
1.2000000496673268e-08,-0.0009817043653583823
1.2200000499343555e-08,-0.001351107519155903
1.2400000502013841e-08,-0.0009821085263581608
1.2600000504684127e-08,-8.406278485040275e-05
1.2800000507354414e-08,0.000824895303651374
1.30000005100247e-08,0.001103362232498739
1.3200000512694987e-08,0.0005625948147951476
1.3400000515365273e-08,-0.0002618936247529291
1.360000051803556e-08,-0.0007028332755112388
1.3800000520705846e-08,-0.0004680157346399483
1.4000000523376132e-08,3.6781354083359474e-05
1.4200000526046419e-08,0.00020774145698965185
1.4400000528716705e-08,-0.00036414635769688175
1.4600000531386991e-08,-0.0013866736871364083
1.4800000534057278e-08,-0.002277444530648154
1.5000000536727564e-08,-0.0025021580465249826
1.520000053939785e-08,-0.0022220744736785036
1.5400000542068137e-08,-0.0019023831228537347
1.5600000544738423e-08,-0.0019731112978149667
1.580000054740871e-08,-0.002469016844543148
1.6000000550078996e-08,-0.0029410768922844
1.6200000552749282e-08,-0.0030485837182254727
1.640000055541957e-08,-0.002655739226440801
1.6600000558089855e-08,-0.0020470727607744266
1.6800000560760142e-08,-0.0014763974290872284
1.7000000563430428e-08,-0.0011001235382934738
1.7200000566100714e-08,-0.0008269107024432287
1.7400000568771e-08,-0.00047731143763485306
1.7600000571441287e-08,-4.324252387277738e-05
1.7800000574111574e-08,0.0002356285659743662
1.800000057678186e-08,0.00022592870197968296
1.8200000579452146e-08,2.7889812088233157e-05
1.8400000582122433e-08,3.6401521015250182e-06
1.860000058479272e-08,0.00037465994989815954
1.8800000587463006e-08,0.0009776681615676353
1.9000000590133292e-08,0.0013199925283799985
1.920000059280358e-08,0.0012811930724012655
1.9400000595473865e-08,0.0010148509735472544
1.960000059814415e-08,0.0008588448276327654
1.9800000600814438e-08,0.0008337868456465003
2.0000000603484724e-08,0.0007472963916939079
2.020000060615501e-08,0.00031322747793183225
2.0400000608825297e-08,-0.00043568285465767076
2.0600000611495583e-08,-0.001122756554281068
2.080000061416587e-08,-0.0014816515220843485
2.1000000616836156e-08,-0.001455381057098748
2.1200000619506442e-08,-0.001306245648180493
2.140000062217673e-08,-0.001300183233183816
2.1600000624847015e-08,-0.0016012831780187753
2.18000006275173e-08,-0.0020187814907899337
2.2000000630187588e-08,-0.0023243272066224563
2.2200000632857874e-08,-0.0022899735216412864
2.240000063552816e-08,-0.001967453043818068
2.2600000638198447e-08,-0.0016247245160059265
2.2800000640868733e-08,-0.001463060116094539
2.300000064353902e-08,-0.0015499547310469097
2.3200000646209306e-08,-0.001695856851966937
2.3400000648879593e-08,-0.0017391020789432332
2.360000065154988e-08,-0.0014913513860790317
2.3800000654220165e-08,-0.0010196954993375584
2.4000000656890452e-08,-0.0006393799985460191
2.4200000659560738e-08,-0.0006046221525650708
2.4400000662231025e-08,-0.0010471784473224943
2.460000066490131e-08,-0.0017091941649596265
2.4800000667571597e-08,-0.002229349371674516
2.5000000670241884e-08,-0.0023683807555983094
