保存した波形 C3
 1 列目は時間,2 列目は信号値
 
-2.52e-08,-0.0004874154626293148
-2.4999999997329714e-08,-0.00033262179971416117
-2.4799999994659428e-08,-0.0001705532388029951
-2.459999999198914e-08,-2.0181018953735474e-06
-2.4399999989318855e-08,0.00016449623001335567
-2.419999998664857e-08,0.00031080251193316144
-2.3999999983978282e-08,0.00045912959885185955
-2.3799999981307996e-08,0.0005852278307827419
-2.359999997863771e-08,0.0007080927747153964
-2.3399999975967423e-08,0.0008467199976394113
-2.3199999973297137e-08,0.0009271480365953266
-2.299999997062685e-08,0.0010027261435539003
-2.2799999967956564e-08,0.0010734543185151324
-2.2599999965286278e-08,0.0011227619604881056
-2.239999996261599e-08,0.001144586654476143
-2.2199999959945705e-08,0.0011393325614790228
-2.199999995727542e-08,0.00115064906947282
-2.1799999954605132e-08,0.0011284202144850042
-2.1599999951934846e-08,0.0011134662574932008
-2.139999994926456e-08,0.0010855791485084865
-2.1199999946594273e-08,0.0010613294885217783
-2.0999999943923986e-08,0.0010407172775330764
-2.07999999412537e-08,0.001032634057537507
-2.0599999938583414e-08,0.0010407172775330764
-2.0399999935913127e-08,0.0010419297605324118
-2.019999993324284e-08,0.0010479921755290889
-1.9999999930572554e-08,0.0010637544545204491
-1.9799999927902268e-08,0.0010673919035184554
-1.9599999925231982e-08,0.0010556712345248798
-1.9399999922561695e-08,0.0010350590235361778
-1.919999991989141e-08,0.0009833264155645338
-1.8999999917221123e-08,0.0009538226625807056
-1.8799999914550836e-08,0.0008499532856376391
-1.859999991188055e-08,0.0007347674007007754
-1.8399999909210263e-08,0.000615539905766127
-1.8199999906539977e-08,0.0004870167078365739
-1.799999990386969e-08,0.0003415187479163251
-1.7799999901199404e-08,0.00019197917799829156
-1.7599999898529118e-08,4.365209107959345e-05
-1.739999989585883e-08,-0.00010669580083799701
-1.7199999893188545e-08,-0.0002550228877566951
-1.699999989051826e-08,-0.00037707950968979276
-1.6799999887847972e-08,-0.0005003486146222258
-1.6599999885177686e-08,-0.0006017930255666215
-1.63999998825074e-08,-0.0007028332755112388
-1.6199999879837113e-08,-0.0007877070854647172
-1.5999999877166827e-08,-0.0008750058614168665
-1.579999987449654e-08,-0.000934013367384523
-1.5599999871826254e-08,-0.0009974666443497426
-1.5399999869155967e-08,-0.0010148455673402168
-1.519999986648568e-08,-0.0010415201933255958
-1.4999999863815395e-08,-0.0010576866333167345
-1.4799999861145108e-08,-0.0010681948193109747
-1.4599999858474822e-08,-0.0010597074383156269
-1.4399999855804535e-08,-0.0010734489123080948
-1.4199999853134249e-08,-0.0010524325403196144
-1.3999999850463963e-08,-0.0010447534813238235
-1.3799999847793676e-08,-0.0010156538893397737
-1.359999984512339e-08,-0.001007166508344426
-1.3399999842453104e-08,-0.0009651337643674651
-1.3199999839782817e-08,-0.0009138053173955996
-1.299999983711253e-08,-0.0008673268024210756
-1.2799999834442244e-08,-0.000803873525455856
-1.2599999831771958e-08,-0.000738399443491744
-1.2399999829101672e-08,-0.0006810085815232014
-1.2199999826431385e-08,-0.0005759267215807995
-1.1999999823761099e-08,-0.0004728656666372899
-1.1799999821090812e-08,-0.0003297926727157119
-1.1599999818420526e-08,-0.0001968237037885956
-1.139999981575024e-08,-3.152185487920178e-05
-1.1199999813079953e-08,0.0001248884520350657
-1.0999999810409667e-08,0.0003006984869386997
-1.079999980773938e-08,0.00047772100484166913
-1.0599999805069094e-08,0.0006717182847353342
-1.0399999802398808e-08,0.0008616739546312147
-1.0199999799728521e-08,0.001045567209530418
-9.999999797058235e-09,0.0011930859744495592
-9.799999794387948e-09,0.0013555586963605037
-9.599999791717662e-09,0.0014873151822882846
-9.399999789047376e-09,0.0015972469742280282
-9.19999978637709e-09,0.0016897998431772976
-8.999999783706803e-09,0.0017415324511489416
-8.799999781036517e-09,0.001802964923115269
-8.59999977836623e-09,0.0018114523041106168
-8.399999775695944e-09,0.0018114523041106168
-8.199999773025657e-09,0.0017730570091316622
-7.999999770355371e-09,0.0017253660111578029
-7.799999767685085e-09,0.0016429171672029952
-7.599999765014798e-09,0.0015843138222351172
-7.399999762344512e-09,0.0014796361232924937
-7.199999759674225e-09,0.0013777875513483195
-6.999999757003939e-09,0.0012751306574045884
-6.799999754333653e-09,0.0011554990014701616
-6.599999751663366e-09,0.0010366756675352917
-6.39999974899308e-09,0.0009061316646068462
-6.1999997463227934e-09,0.0007844792036735271
-5.999999743652507e-09,0.0006789931827313467
-5.799999740982221e-09,0.0005819945427845141
-5.599999738311934e-09,0.00044377148086027773
-5.399999735641648e-09,0.0003269689519243002
-5.1999997329713615e-09,0.0002473492349679418
-4.999999730301075e-09,0.0002489658789670557
-4.799999727630789e-09,0.00024128681997126478
-4.599999724960502e-09,0.00018793756800050687
-4.399999722290216e-09,4.852635100860425e-06
-4.1999997196199295e-09,-0.00020248195778549416
-3.999999716949643e-09,-0.00042800379566187985
-3.799999714279357e-09,-0.000823677414445001
-3.5999997116090703e-09,-0.001697473495966051
-3.399999708938784e-09,-0.0029879595682587023
-3.1999997062684975e-09,-0.004154772374619142
-2.999999703598211e-09,-0.004766672128283744
-2.7999997009279248e-09,-0.004776776153278206
-2.5999996982576384e-09,-0.004358469518507491
-2.399999695587352e-09,-0.0037449531208437747
-2.1999996929170656e-09,-0.003205802347139297
-1.999999690246779e-09,-0.0029156147492983564
-1.7999996875764928e-09,-0.002886110996314528
-1.5999996849062064e-09,-0.0029362269602870583
-1.39999968223592e-09,-0.002920464681295698
-1.1999996795656336e-09,-0.002785879068369468
-9.999996768953472e-10,-0.002586223534478904
-7.999996742250608e-10,-0.0023918220935854606
-5.999996715547744e-10,-0.0023433227736120443
-3.9999966888448805e-10,-0.002367976594598531
-1.9999966621420166e-10,-0.002372422365596094
3.3645608473285843e-16,-0.0023251355286220132
2.0000033912637112e-10,-0.002192166559694897
4.000003417966575e-10,-0.0019670488828182897
6.000003444669439e-10,-0.0016445284049950715
8.000003471372303e-10,-0.0013789946281406174
1.0000003498075167e-09,-0.0011963138562407494
1.200000352477803e-09,-0.0010746613953074302
1.4000003551480895e-09,-0.0009303759183865168
1.6000003578183759e-09,-0.0007396119264910794
1.8000003604886623e-09,-0.0004857988186302009
2.0000003631589487e-09,-0.00022875242277109464
2.200000365829235e-09,-1.7780380886733838e-05
2.4000003684995214e-09,0.00012569677403462265
2.600000371169808e-09,0.0002109747449878796
2.8000003738400942e-09,0.0003019109699380351
3.0000003765103806e-09,0.00033545633291964805
3.200000379180667e-09,0.0003924430338884122
3.4000003818509534e-09,0.000492270800833694
3.6000003845212398e-09,0.0006438311757506199
3.800000387191526e-09,0.0007553796116894773
4.0000003898618126e-09,0.0008196412106542539
4.200000392532099e-09,0.0008778403946223534
4.400000395202385e-09,0.0008653114036292209
4.600000397872672e-09,0.0008798611996212458
4.800000400542958e-09,0.000928360519594662
5.0000004032132445e-09,0.001000705338555008
5.200000405883531e-09,0.001038696472534184
5.400000408553817e-09,0.001066987742518677
5.600000411224104e-09,0.0010762834455135817
5.80000041389439e-09,0.0011405450444783582
6.0000004165646765e-09,0.0012052108044429133
6.200000419234963e-09,0.001221377244434052
6.400000421905249e-09,0.0011579239674688324
6.600000424575536e-09,0.0010322298965377286
6.800000427245822e-09,0.0009101732746046309
7.0000004299161085e-09,0.0008624822766307716
7.200000432586395e-09,0.0008539948956354237
7.400000435256681e-09,0.0008151954396566907
7.600000437926968e-09,0.0006458519807495122
7.800000440597254e-09,0.000407801151879994
8.00000044326754e-09,0.00015439220501889395
8.200000445937827e-09,-3.4350981877651066e-05
8.400000448608113e-09,-0.00011437485983378792
8.6000004512784e-09,-0.00016044921380853339
8.800000453948686e-09,-0.00022592329577264536
9.000000456618972e-09,-0.0003702087726935588
9.200000459289259e-09,-0.0005266190796078263
9.400000461959545e-09,-0.0006361467105477914
9.600000464629832e-09,-0.0006931334115165555
9.800000467300118e-09,-0.000679796098523866
1.0000000469970404e-08,-0.0006248302025539942
1.020000047264069e-08,-0.000536723104602288
1.0400000475310977e-08,-0.0004744823106364038
1.0600000477981264e-08,-0.0004271954736623229
1.080000048065155e-08,-0.00039001266168270377
1.1000000483321836e-08,-0.0003544464937021985
1.1200000485992123e-08,-0.000341109180709509
1.1400000488662409e-08,-0.00032494274071837026
1.1600000491332695e-08,-0.00028978073373764346
1.1800000494002982e-08,-0.00022632745677242383
1.2000000496673268e-08,-0.0001758073318001152
1.2200000499343555e-08,-0.00015317431581252094
1.2400000502013841e-08,-0.00016489498480609655
1.2600000504684127e-08,-0.00010144170784087692
1.2800000507354414e-08,2.3444041090669998e-05
1.30000005100247e-08,0.0002202704479827844
1.3200000512694987e-08,0.0003637476029041409
1.3400000515365273e-08,0.00042113846487268347
1.360000051803556e-08,0.0004425589978609423
1.3800000520705846e-08,0.00044740892985828395
1.4000000523376132e-08,0.0004781251658414476
1.4200000526046419e-08,0.0005213703928177438
1.4400000528716705e-08,0.0005908860847796404
1.4600000531386991e-08,0.0006798015047309036
1.4800000534057278e-08,0.0008519740906365314
1.5000000536727564e-08,0.001090429080505828
1.520000053939785e-08,0.0013507087643631621
1.5400000542068137e-08,0.0016142217362187239
1.5600000544738423e-08,0.0018094314991117244
1.580000054740871e-08,0.0019153216810536833
1.6000000550078996e-08,0.002016766091998079
1.6200000552749282e-08,0.0021533725099232015
1.640000055541957e-08,0.0023352449598235125
1.6600000558089855e-08,0.002584612296686828
1.6800000560760142e-08,0.0027818428645787208
1.7000000563430428e-08,0.0029334032394956466
1.7200000566100714e-08,0.0029875608134659615
1.7400000568771e-08,0.002983519203468177
1.7600000571441287e-08,0.002973415178473715
1.7800000574111574e-08,0.002910366062508274
1.800000057678186e-08,0.002930978273496976
1.8200000579452146e-08,0.0029426989424905514
1.8400000582122433e-08,0.0029107702235080524
1.860000058479272e-08,0.0028145799055607768
1.8800000587463006e-08,0.0026258367186642317
1.9000000590133292e-08,0.002369194483804904
1.920000059280358e-08,0.0021109356049464623
1.9400000595473865e-08,0.001925425706048145
1.960000059814415e-08,0.0017827568731263455
1.9800000600814438e-08,0.0016267507272118564
2.0000000603484724e-08,0.001468723776298475
2.020000060615501e-08,0.0012254188544318367
2.0400000608825297e-08,0.0009376562225895668
2.0600000611495583e-08,0.0006753557337333405
2.080000061416587e-08,0.0004453881248593916
2.1000000616836156e-08,0.0002582615819619605
2.1200000619506442e-08,9.053476705389585e-05
2.140000062217673e-08,-0.00012164975782980036
2.1600000624847015e-08,-0.00037586702669045735
2.18000006275173e-08,-0.0006894959625185493
2.2000000630187588e-08,-0.0009910000683532871
2.2200000632857874e-08,-0.001287250081190905
2.240000063552816e-08,-0.0015616754000404853
2.2600000638198447e-08,-0.001807809448905573
2.2800000640868733e-08,-0.0020761723527584763
2.300000064353902e-08,-0.0023303896216191333
2.3200000646209306e-08,-0.002599156686471815
2.3400000648879593e-08,-0.002844482413337346
2.360000065154988e-08,-0.0030942539112004397
2.3800000654220165e-08,-0.0033226048760752747
2.4000000656890452e-08,-0.0034972024279795733
2.4200000659560738e-08,-0.00364593367589805
2.4400000662231025e-08,-0.003763140365833806
2.460000066490131e-08,-0.003879538733770005
2.4800000667571597e-08,-0.00393895040073744
2.5000000670241884e-08,-0.003990278847709305
