保存した波形 C3
 1 列目は時間,2 列目は信号値
 
-2.52e-08,0.0007650794756841606
-2.4999999997329714e-08,0.0007679086026826099
-2.4799999994659428e-08,0.0007768001446777362
-2.459999999198914e-08,0.000752550484691028
-2.4399999989318855e-08,0.0007295133077036553
-2.419999998664857e-08,0.0006890972077258084
-2.3999999983978282e-08,0.0006284730577590381
-2.3799999981307996e-08,0.0005670405857927108
-2.359999997863771e-08,0.0005213703928177438
-2.3399999975967423e-08,0.0004757001998427768
-2.3199999973297137e-08,0.0004170968548748988
-2.299999997062685e-08,0.00033909378191765427
-2.2799999967956564e-08,0.0002554324549635112
-2.2599999965286278e-08,0.00017015448401025424
-2.239999996261599e-08,9.295973305256666e-05
-2.2199999959945705e-08,2.4276691021896113e-06
-2.199999995727542e-08,-4.849661686989748e-05
-2.1799999954605132e-08,-0.00012003311383068649
-2.1599999951934846e-08,-0.00015842840880964104
-2.139999994926456e-08,-0.00019237793279103244
-2.1199999946594273e-08,-0.0002525979217580243
-2.0999999943923986e-08,-0.0003176678427223578
-2.07999999412537e-08,-0.0003879918566838114
-2.0599999938583414e-08,-0.0004740781496366253
-2.0399999935913127e-08,-0.0005411688755998512
-2.019999993324284e-08,-0.0005650143745867808
-1.9999999930572554e-08,-0.0005840099415763689
-1.9799999927902268e-08,-0.0006094720845624124
-1.9599999925231982e-08,-0.0006628213365331703
-1.9399999922561695e-08,-0.0007505242734850981
-1.919999991989141e-08,-0.0007998319154580713
-1.8999999917221123e-08,-0.0008301439904414565
-1.8799999914550836e-08,-0.0008103401014523115
-1.859999991188055e-08,-0.0007759864164711416
-1.8399999909210263e-08,-0.0007525450784839904
-1.8199999906539977e-08,-0.0007747739334718062
-1.799999990386969e-08,-0.0008240815754447794
-1.7799999901199404e-08,-0.0008539894894283862
-1.7599999898529118e-08,-0.0008446937864334814
-1.739999989585883e-08,-0.0007735614504724708
-1.7199999893188545e-08,-0.0006769669715254167
-1.699999989051826e-08,-0.0005638018915874454
-1.6799999887847972e-08,-0.0004874154626293148
-1.6599999885177686e-08,-0.00045265761664836646
-1.63999998825074e-08,-0.00044255359165390473
-1.6199999879837113e-08,-0.00040052084767694396
-1.5999999877166827e-08,-0.0003156470377234655
-1.579999987449654e-08,-0.00018025310279767837
-1.5599999871826254e-08,-1.293044888939221e-05
-1.5399999869155967e-08,0.00013458831602974897
-1.519999986648568e-08,0.00025624077696306813
-1.4999999863815395e-08,0.00028331956394822555
-1.4799999861145108e-08,0.0002998901649391428
-1.4599999858474822e-08,0.00032737311292407867
-1.4399999855804535e-08,0.0004324549728664806
-1.4199999853134249e-08,0.000544811730804895
-1.3999999850463963e-08,0.0006745474117337835
-1.3799999847793676e-08,0.0008038789316628936
-1.359999984512339e-08,0.000882690326619695
-1.3399999842453104e-08,0.0009142148846024156
-1.3199999839782817e-08,0.000909364952605074
-1.299999983711253e-08,0.000929168841594219
-1.2799999834442244e-08,0.0009845388985638692
-1.2599999831771958e-08,0.0010488004975286458
-1.2399999829101672e-08,0.001171261280461522
-1.2199999826431385e-08,0.0013009969613904104
-1.1999999823761099e-08,0.001332521519373131
-1.1799999821090812e-08,0.001229056303429843
-1.1599999818420526e-08,0.000994642923558331
-1.139999981575024e-08,0.0008147912786569123
-1.1199999813079953e-08,0.0008095371856597922
-1.0999999810409667e-08,0.0009558434675795979
-1.079999980773938e-08,0.0011999567114457932
-1.0599999805069094e-08,0.0013042302493886382
-1.0399999802398808e-08,0.0011425658494772506
-1.0199999799728521e-08,0.0008487408026383036
-9.999999797058235e-09,0.0005241995198161931
-9.799999794387948e-09,0.00038516813589239973
-9.599999791717662e-09,0.0005290494518135347
-9.399999789047376e-09,0.0007541671286901419
-9.19999978637709e-09,0.0008972401226117199
-8.999999783706803e-09,0.0008273202696500448
-8.799999781036517e-09,0.0005888652797807481
-8.59999977836623e-09,0.00029908184293958584
-8.399999775695944e-09,9.498053805145901e-05
-8.199999773025657e-09,3.395222708491019e-05
-7.999999770355371e-09,0.00011761355403905327
-7.799999767685085e-09,0.00020289152499231022
-7.599999765014798e-09,0.00019561662699629778
-7.399999762344512e-09,2.703103518797434e-09
-7.199999759674225e-09,-0.00037990863668824204
-6.999999757003939e-09,-0.0007658823914766799
-6.799999754333653e-09,-0.0009808960433588254
-6.599999751663366e-09,-0.0009404799433809785
-6.39999974899308e-09,-0.00073152870649551
-6.1999997463227934e-09,-0.0006118970505610832
-5.999999743652507e-09,-0.0007198080375019345
-5.799999740982221e-09,-0.0010605157603151838
-5.599999738311934e-09,-0.0013951610681317561
-5.399999735641648e-09,-0.0015176218510646322
-5.1999997329713615e-09,-0.0013757613401423896
-4.999999730301075e-09,-0.0010932528012972398
-4.799999727630789e-09,-0.0008649018364224048
-4.599999724960502e-09,-0.0008450979474332598
-4.399999722290216e-09,-0.0009744294673623699
-4.1999997196199295e-09,-0.0011150774952852771
-3.999999716949643e-09,-0.001135689706273979
-3.799999714279357e-09,-0.0010233329483355647
-3.5999997116090703e-09,-0.0008988513604037962
-3.399999708938784e-09,-0.0007242538084994976
-3.1999997062684975e-09,-0.0005189400206120354
-2.999999703598211e-09,-0.000322113613719921
-2.7999997009279248e-09,-0.00016529914580587501
-2.5999996982576384e-09,-6.91088278585994e-05
-2.399999695587352e-09,-3.313849887831566e-05
-2.1999996929170656e-09,-4.324252387277738e-05
-1.999999690246779e-09,4.448474101081956e-06
-1.7999996875764928e-09,0.0001588379760164571
-1.5999996849062064e-09,0.0003649600859034763
-1.39999968223592e-09,0.000493079122833251
-1.1999996795656336e-09,0.0004364965828642653
-9.999996768953472e-10,0.000277661309951327
-7.999996742250608e-10,0.00010387208004658532
-5.999996715547744e-10,-3.0309371879866376e-05
-3.9999966888448805e-10,-0.00011477902083356639
-1.9999966621420166e-10,-5.0921582868568294e-05
3.3645608473285843e-16,0.00019197917799829156
2.0000033912637112e-10,0.0004635753698494227
4.000003417966575e-10,0.0005710821957904955
6.000003444669439e-10,0.0004870167078365739
8.000003471372303e-10,0.0003099941899336045
1.0000003498075167e-09,0.00021663299898477817
1.200000352477803e-09,0.000270790572955093
1.4000003551480895e-09,0.0004946957668323648
1.6000003578183759e-09,0.0007634628316850467
1.8000003604886623e-09,0.0009279563585948836
2.0000003631589487e-09,0.001008384397550799
2.200000365829235e-09,0.000948972730583364
2.4000003684995214e-09,0.000883498648619252
2.600000371169808e-09,0.0008612697936314362
2.8000003738400942e-09,0.0008459116756398544
3.0000003765103806e-09,0.0008430825486414051
3.200000379180667e-09,0.0007545712896899204
3.4000003818509534e-09,0.0007214300877080859
3.6000003845212398e-09,0.0007226425707074213
3.800000387191526e-09,0.0007505296796921357
4.0000003898618126e-09,0.0007957957116673242
4.200000392532099e-09,0.0007505296796921357
4.400000395202385e-09,0.0005629989757949261
4.600000397872672e-09,0.00027442802195309923
4.800000400542958e-09,4.122712508092263e-05
5.0000004032132445e-09,-6.951298885837787e-05
5.200000405883531e-09,-9.78042588428707e-05
5.400000408553817e-09,-0.00019480289878970325
5.600000411224104e-09,-0.00041385816066963343
5.80000041389439e-09,-0.0008224649314456656
6.0000004165646765e-09,-0.001266637870202203
6.200000419234963e-09,-0.0014671017260923236
6.400000421905249e-09,-0.0013814195941392882
6.600000424575536e-09,-0.0009922125513526225
6.800000427245822e-09,-0.0006826252255223153
7.0000004299161085e-09,-0.0007339536724941809
7.200000432586395e-09,-0.0012314758632214762
7.400000435256681e-09,-0.0018102344149042437
7.600000437926968e-09,-0.0020547518197702175
7.800000440597254e-09,-0.0018134677029024715
8.00000044326754e-09,-0.0012722961241991015
8.200000445937827e-09,-0.0009376508163825292
8.400000448608113e-09,-0.0010706197853096455
8.6000004512784e-09,-0.0015228759440617523
8.800000453948686e-09,-0.001851862997881426
9.000000456618972e-09,-0.0017435478499407964
9.200000459289259e-09,-0.0013050331651811575
9.400000461959545e-09,-0.0008721767344184173
9.600000464629832e-09,-0.0008083192964534192
9.800000467300118e-09,-0.0010144414063404383
1.0000000469970404e-08,-0.001285633437191791
1.020000047264069e-08,-0.0013882903311355221
1.0400000475310977e-08,-0.0013163496731749547
1.0600000477981264e-08,-0.0010823404543032211
1.080000048065155e-08,-0.0010225246263360077
1.1000000483321836e-08,-0.0010989110552941384
1.1200000485992123e-08,-0.001227030092223913
1.1400000488662409e-08,-0.001214096940231002
1.1600000491332695e-08,-0.0010621324043142977
1.1800000494002982e-08,-0.0009202718933920551
1.2000000496673268e-08,-0.0009097637073978149
1.2200000499343555e-08,-0.0009441173923789847
1.2400000502013841e-08,-0.0008750058614168665
1.2600000504684127e-08,-0.0006163428215586464
1.2800000507354414e-08,-0.000210969338780842
1.30000005100247e-08,0.00023764937097325856
1.3200000512694987e-08,0.0006017984317736591
1.3400000515365273e-08,0.0007699294076815022
1.360000051803556e-08,0.0006474686247486261
1.3800000520705846e-08,0.00036536424690325475
1.4000000523376132e-08,6.0626853070289144e-05
1.4200000526046419e-08,-7.638372585461184e-05
1.4400000528716705e-08,8.447235205721881e-05
1.4600000531386991e-08,0.0004061845078808801
1.4800000534057278e-08,0.0005880569577811912
1.5000000536727564e-08,0.0004821667758392323
1.520000053939785e-08,8.245154705832647e-05
1.5400000542068137e-08,-0.0002812933527422956
1.5600000544738423e-08,-0.00032090113072058557
1.580000054740871e-08,-0.00011397069883400945
1.6000000550078996e-08,0.00011235946104193317
1.6200000552749282e-08,9.336389405234513e-05
1.640000055541957e-08,-0.00015721592581030563
1.6600000558089855e-08,-0.00043568285465767076
1.6800000560760142e-08,-0.0005678435015852301
1.7000000563430428e-08,-0.0004817572086324162
1.7200000566100714e-08,-0.00026916852274894154
1.7400000568771e-08,-9.335848784530754e-05
1.7600000571441287e-08,-8.042533585239653e-05
1.7800000574111574e-08,-0.00018186974679679224
1.800000057678186e-08,-0.00030271388573055447
1.8200000579452146e-08,-0.00033423844371327505
1.8400000582122433e-08,-0.000328176028716598
1.860000058479272e-08,-0.00037061293369333725
1.8800000587463006e-08,-0.00041264567767029803
1.9000000590133292e-08,-0.00048377801363130857
1.920000059280358e-08,-0.0005007527756220043
1.9400000595473865e-08,-0.0004942861996255488
1.960000059814415e-08,-0.0005250024356087124
1.9800000600814438e-08,-0.0006236177195546588
2.0000000603484724e-08,-0.0007792197044693694
2.020000060615501e-08,-0.0010297995243320202
2.0400000608825297e-08,-0.0013070539701800499
2.0600000611495583e-08,-0.0015059011820710566
2.080000061416587e-08,-0.0016247245160059265
2.1000000616836156e-08,-0.0016008790170189968
2.1200000619506442e-08,-0.0014970096400759303
2.140000062217673e-08,-0.0014626559550947604
2.1600000624847015e-08,-0.0016291702870034896
2.18000006275173e-08,-0.001967453043818068
2.2000000630187588e-08,-0.002216416219681605
2.2200000632857874e-08,-0.0022564281586596735
2.240000063552816e-08,-0.002082638928754932
2.2600000638198447e-08,-0.0018753043358685773
2.2800000640868733e-08,-0.0018074052879057945
2.300000064353902e-08,-0.001851862997881426
2.3200000646209306e-08,-0.001906020571851741
2.3400000648879593e-08,-0.0018753043358685773
2.360000065154988e-08,-0.0016412951169968437
2.3800000654220165e-08,-0.0013135205461765054
2.4000000656890452e-08,-0.001007166508344426
2.4200000659560738e-08,-0.0008741975394173096
2.4400000662231025e-08,-0.0008422688204348106
2.460000066490131e-08,-0.0008273148634430072
2.4800000667571597e-08,-0.0006753503275263029
2.5000000670241884e-08,-0.00046195331964327124
