保存した波形 C3
 1 列目は時間,2 列目は信号値
 
-2.52e-08,-3.192601587898025e-05
-2.4999999997329714e-08,-8.365862385062428e-05
-2.4799999994659428e-08,-0.00011275821583467405
-2.459999999198914e-08,-0.00014387861281761616
-2.4399999989318855e-08,-0.00018065726379745684
-2.419999998664857e-08,-0.00022390249077375302
-2.3999999983978282e-08,-0.00028493080174030183
-2.3799999981307996e-08,-0.0003633380356973248
-2.359999997863771e-08,-0.0003972875596787162
-2.3399999975967423e-08,-0.0004405327866550124
-2.3199999973297137e-08,-0.00045791170964548655
-2.299999997062685e-08,-0.0005035819026204535
-2.2799999967956564e-08,-0.0005104526396166875
-2.2599999965286278e-08,-0.0005201525036113708
-2.239999996261599e-08,-0.0005068151906186813
-2.2199999959945705e-08,-0.0004930737166262134
-2.199999995727542e-08,-0.00044255359165390473
-2.1799999954605132e-08,-0.00039567091567960233
-2.1599999951934846e-08,-0.00032373025771903485
-2.139999994926456e-08,-0.00027401845474628317
-2.1199999946594273e-08,-0.00022430665177353148
-2.0999999943923986e-08,-0.00015842840880964104
-2.07999999412537e-08,-7.840453085350418e-05
-2.0599999938583414e-08,2.5060685089783874e-05
-2.0399999935913127e-08,0.00013216335003107815
-2.019999993324284e-08,0.00017540857700737433
-1.9999999930572554e-08,0.00017136696700958964
-1.9799999927902268e-08,0.0001564130100177863
-1.9599999925231982e-08,0.0001616671030149064
-1.9399999922561695e-08,0.00018551260200183606
-1.919999991989141e-08,0.00021339971098655042
-1.8999999917221123e-08,0.000199254075994304
-1.8799999914550836e-08,0.00018025850900471596
-1.859999991188055e-08,0.00015075475602088773
-1.8399999909210263e-08,0.00012327180803595184
-1.8199999906539977e-08,0.00011963435903794561
-1.799999990386969e-08,0.00013782160402797672
-1.7799999901199404e-08,0.00016449623001335567
-1.7599999898529118e-08,0.00018430011900250065
-1.739999989585883e-08,0.00017783354300604515
-1.7199999893188545e-08,0.00021299554998677195
-1.699999989051826e-08,0.00021380387198632889
-1.6799999887847972e-08,0.00025341164996461885
-1.6599999885177686e-08,0.0002720030559544284
-1.63999998825074e-08,0.0003463686799136667
-1.6199999879837113e-08,0.0004348799388651514
-1.5999999877166827e-08,0.0005084372408248328
-1.579999987449654e-08,0.0005718905177900524
-1.5599999871826254e-08,0.0005908860847796404
-1.5399999869155967e-08,0.0006280688967592596
-1.519999986648568e-08,0.0006830347927291314
-1.4999999863815395e-08,0.0007392131716983386
-1.4799999861145108e-08,0.0008014539656642228
-1.4599999858474822e-08,0.0008115579906586845
-1.4399999855804535e-08,0.0007877124916717548
-1.4199999853134249e-08,0.0007565920946888127
-1.3999999850463963e-08,0.0007101135797142888
-1.3799999847793676e-08,0.0006373645997541644
-1.359999984512339e-08,0.0005815903817847357
-1.3399999842453104e-08,0.0005326869008115409
-1.3199999839782817e-08,0.0004886333518356878
-1.299999983711253e-08,0.00039527216088686146
-1.2799999834442244e-08,0.00031201499493249685
-1.2599999831771958e-08,0.00022229125298167673
-1.2399999829101672e-08,0.00016975032301047577
-1.2199999826431385e-08,0.00013499247702952744
-1.1999999823761099e-08,0.00013580079902908437
-1.1799999821090812e-08,0.00016247542501446333
-1.1599999818420526e-08,0.00015843381501667864
-1.139999981575024e-08,0.00018025850900471596
-1.1199999813079953e-08,0.00020491232999120257
-1.0999999810409667e-08,0.0002772571489515485
-1.079999980773938e-08,0.00033262720592119877
-1.0599999805069094e-08,0.00040052625388398155
-1.0399999802398808e-08,0.0004583212768523026
-1.0199999799728521e-08,0.0005237953588164146
-9.999999797058235e-09,0.0005674447467924892
-9.799999794387948e-09,0.0006636350647397649
-9.599999791717662e-09,0.0007513380016916926
-9.399999789047376e-09,0.00077316269567973
-9.19999978637709e-09,0.0007687169246821668
-8.999999783706803e-09,0.0007149635117116304
-8.799999781036517e-09,0.0006842472757284668
-8.59999977836623e-09,0.0006709099627357773
-8.399999775695944e-09,0.0006389812437532782
-8.199999773025657e-09,0.0005755279667880586
-7.999999770355371e-09,0.0004571087938529672
-7.799999767685085e-09,0.0003099941899336045
-7.599999765014798e-09,0.0001758127380071528
-7.399999762344512e-09,9.578886005101594e-05
-7.199999759674225e-09,7.315584406342168e-05
-6.999999757003939e-09,5.820188707161833e-05
-6.799999754333653e-09,-1.8992863886069244e-05
-6.599999751663366e-09,-0.00016893659480388123
-6.39999974899308e-09,-0.00028614328473963724
-6.1999997463227934e-09,-0.0003099887837265669
-5.999999743652507e-09,-0.0002279441007715377
-5.799999740982221e-09,-0.00010022922484154151
-5.599999738311934e-09,-1.3334609889170679e-05
-5.399999735641648e-09,1.1723372097094398e-05
-5.1999997329713615e-09,-8.056188960381405e-07
-4.999999730301075e-09,5.901020907117527e-05
-4.799999727630789e-09,0.00012286764703617337
-4.599999724960502e-09,0.00020774145698965185
-4.399999722290216e-09,0.00023522440497458774
-4.1999997196199295e-09,0.00024573259096882794
-3.999999716949643e-09,0.00019440414399696238
-3.799999714279357e-09,0.00016651703501224802
-3.5999997116090703e-09,0.00010670120704503461
-3.399999708938784e-09,-6.991714985815634e-05
-3.1999997062684975e-09,-0.0003451507907072937
-2.999999703598211e-09,-0.0006377633545469052
-2.7999997009279248e-09,-0.0008576269384263924
-2.5999996982576384e-09,-0.0008729850564179742
-2.399999695587352e-09,-0.0007852821194660464
-2.1999996929170656e-09,-0.0006963666995147832
-1.999999690246779e-09,-0.0007800280264689263
-1.7999996875764928e-09,-0.0009663462473668005
-1.5999996849062064e-09,-0.0011542811122637886
-1.39999968223592e-09,-0.0011340730622748652
-1.1999996795656336e-09,-0.0009101678683975933
-9.999996768953472e-10,-0.0005937098055710521
-7.999996742250608e-10,-0.00040213749167605783
-5.999996715547744e-10,-0.0004967111656242196
-3.9999966888448805e-10,-0.0008414604984352536
-1.9999966621420166e-10,-0.0011716600352542628
3.3645608473285843e-16,-0.0013555532901534662
2.0000033912637112e-10,-0.001344236782159669
4.000003417966575e-10,-0.0012104594912329958
6.000003444669439e-10,-0.001147814536267333
8.000003471372303e-10,-0.0012989707501844805
1.0000003498075167e-09,-0.0015487422480475743
1.200000352477803e-09,-0.0017847722719182002
1.4000003551480895e-09,-0.0018979373518561715
1.6000003578183759e-09,-0.0018918749368594945
1.8000003604886623e-09,-0.0019407784178326892
2.0000003631589487e-09,-0.002097592885746735
2.200000365829235e-09,-0.0023538309596062845
2.4000003684995214e-09,-0.00257935279748267
2.600000371169808e-09,-0.002750717061388741
2.8000003738400942e-09,-0.002810937050355733
3.0000003765103806e-09,-0.002803257991359942
3.200000379180667e-09,-0.0027329339773984884
3.4000003818509534e-09,-0.002654122582441687
3.6000003845212398e-09,-0.0025898609834769104
3.800000387191526e-09,-0.002567227967489316
4.0000003898618126e-09,-0.0025045830125236535
4.200000392532099e-09,-0.0022806778186463816
4.400000395202385e-09,-0.0018858125218628174
4.600000397872672e-09,-0.0014618476330952035
4.800000400542958e-09,-0.0011292231302775235
5.0000004032132445e-09,-0.0010035290593464197
5.200000405883531e-09,-0.0010690031413105316
5.400000408553817e-09,-0.001154685273263567
5.600000411224104e-09,-0.0011748933232524905
5.80000041389439e-09,-0.0010952736062961321
6.0000004165646765e-09,-0.0010463701253229374
6.200000419234963e-09,-0.0011138650122859417
6.400000421905249e-09,-0.0012646170652033106
6.600000424575536e-09,-0.0014283022701135906
6.800000427245822e-09,-0.0014537644130996341
7.0000004299161085e-09,-0.0013547449681539092
7.200000432586395e-09,-0.0011732766792533766
7.400000435256681e-09,-0.0010350536173291403
7.600000437926968e-09,-0.0009425007483798709
7.800000440597254e-09,-0.0008887473354093345
8.00000044326754e-09,-0.0008382272104370259
8.200000445937827e-09,-0.0007355703164932947
8.400000448608113e-09,-0.0004963070046244411
8.6000004512784e-09,-0.00016570330680565348
8.800000453948686e-09,0.00024249930297060018
9.000000456618972e-09,0.0005795695767858433
9.200000459289259e-09,0.0008426783876416266
9.400000461959545e-09,0.0011154870624920932
9.600000464629832e-09,0.0014759986742944875
9.800000467300118e-09,0.0018939011480654244
1.0000000469970404e-08,0.002214804981889529
1.020000047264069e-08,0.002388190050794492
1.0400000475310977e-08,0.002428606150772339
1.0600000477981264e-08,0.0024007190417876245
1.080000048065155e-08,0.0023877858897947135
1.1000000483321836e-08,0.0024403268197659145
1.1200000485992123e-08,0.00248114708074354
1.1400000488662409e-08,0.002422543735775662
1.1600000491332695e-08,0.002210763371891744
1.1800000494002982e-08,0.001956546103031087
1.2000000496673268e-08,0.0017395116461500493
1.2200000499343555e-08,0.0015507684592535043
1.2400000502013841e-08,0.0013442421883667066
1.2600000504684127e-08,0.00115590316246994
1.2800000507354414e-08,0.0010281882865399439
1.30000005100247e-08,0.0010492046585284243
1.3200000512694987e-08,0.001229056303429843
1.3400000515365273e-08,0.0014404325063139822
1.360000051803556e-08,0.0016501920651990076
1.3800000520705846e-08,0.0018033690841150474
1.4000000523376132e-08,0.0019888789830133646
1.4200000526046419e-08,0.0022463295398722494
1.4400000528716705e-08,0.0025280297567178422
1.4600000531386991e-08,0.0027935635335722964
1.4800000534057278e-08,0.002963715314479032
1.5000000536727564e-08,0.003073242945418997
1.520000053939785e-08,0.0032308657353326
1.5400000542068137e-08,0.0034442627432156314
1.5600000544738423e-08,0.003612797880123253
1.580000054740871e-08,0.003660893039096891
1.6000000550078996e-08,0.003523074138172433
1.6200000552749282e-08,0.00336019725526171
1.640000055541957e-08,0.00320176614334855
1.6600000558089855e-08,0.002989581618464854
1.6800000560760142e-08,0.0027050522746208117
1.7000000563430428e-08,0.0023368616038226264
1.7200000566100714e-08,0.0019609918740286503
1.7400000568771e-08,0.0016287715322107488
1.7600000571441287e-08,0.0013846582883445535
1.7800000574111574e-08,0.0012318854304282922
1.800000057678186e-08,0.0010948748515033913
1.8200000579452146e-08,0.0009594809165776041
1.8400000582122433e-08,0.0008285327526493802
1.860000058479272e-08,0.0007351715617005539
1.8800000587463006e-08,0.0007428506206963448
1.9000000590133292e-08,0.0008830944876194735
1.920000059280358e-08,0.0010863874705080434
1.9400000595473865e-08,0.0013208008503795554
1.960000059814415e-08,0.0015511726202532827
1.9800000600814438e-08,0.0017585072131396373
2.0000000603484724e-08,0.001982412407016909
2.020000060615501e-08,0.002147714255926303
2.0400000608825297e-08,0.0022447128958731355
2.0600000611495583e-08,0.0022515836328693695
2.080000061416587e-08,0.0021929802879014915
2.1000000616836156e-08,0.0020620321239732675
2.1200000619506442e-08,0.0018898595380676397
2.140000062217673e-08,0.0017120286981651134
2.1600000624847015e-08,0.0015119690032747712
2.18000006275173e-08,0.0013038260883888597
2.2000000630187588e-08,0.0010423339215321903
2.2200000632857874e-08,0.0007129427067127381
2.240000063552816e-08,0.000342327069915882
2.2600000638198447e-08,-1.4547092888506086e-05
2.2800000640868733e-08,-0.00033787589271128127
2.300000064353902e-08,-0.0006017930255666215
2.3200000646209306e-08,-0.0008697517684197464
2.3400000648879593e-08,-0.0011142691732857202
2.360000065154988e-08,-0.0013030123601822652
2.3800000654220165e-08,-0.001408902542124224
2.4000000656890452e-08,-0.0014448728711045078
2.4200000659560738e-08,-0.001350299197156346
2.4400000662231025e-08,-0.0011797432552498321
2.460000066490131e-08,-0.0009946375173512934
2.4800000667571597e-08,-0.0008087234574531976
2.5000000670241884e-08,-0.0006353383885482344
