保存した波形 C3
 1 列目は時間,2 列目は信号値
 
-2.52e-08,-6.059711893158237e-06
-2.4999999997329714e-08,-0.00011518318183334486
-2.4799999994659428e-08,-0.0002150109487786267
-2.459999999198914e-08,-0.00032373025771903485
-2.4399999989318855e-08,-0.00042679131266254444
-2.419999998664857e-08,-0.0005395522316007373
-2.3999999983978282e-08,-0.0006458465745424746
-2.3799999981307996e-08,-0.0007363786384928517
-2.359999997863771e-08,-0.0008269107024432287
-2.3399999975967423e-08,-0.0009198677323922766
-2.3199999973297137e-08,-0.0009958500003506288
-2.299999997062685e-08,-0.001065769853312304
-2.2799999967956564e-08,-0.0011114400462872709
-2.2599999965286278e-08,-0.0011518561462651178
-2.239999996261599e-08,-0.0011518561462651178
-2.2199999959945705e-08,-0.001129627291277302
-2.199999995727542e-08,-0.0011146733342854986
-2.1799999954605132e-08,-0.0011110358852874924
-2.1599999951934846e-08,-0.0011272023252786312
-2.139999994926456e-08,-0.0011211399102819541
-2.1199999946594273e-08,-0.0010774905223058795
-2.0999999943923986e-08,-0.0010213121433366723
-2.07999999412537e-08,-0.0009425007483798709
-2.0599999938583414e-08,-0.0008931931064068976
-2.0399999935913127e-08,-0.0008697517684197464
-2.019999993324284e-08,-0.0008568186164268354
-1.9999999930572554e-08,-0.0007933653394616158
-1.9799999927902268e-08,-0.0007327411894948455
-1.9599999925231982e-08,-0.0006401883205455761
-1.9399999922561695e-08,-0.0005516770615940914
-1.919999991989141e-08,-0.0005233857916095985
-1.8999999917221123e-08,-0.000497115326623998
-1.8799999914550836e-08,-0.00047367398863684684
-1.859999991188055e-08,-0.0003774836706895712
-1.8399999909210263e-08,-0.00023602732076710708
-1.8199999906539977e-08,-9.093352184663672e-05
-1.799999990386969e-08,-1.3334609889170679e-05
-1.7799999901199404e-08,-1.6139408955950785e-06
-1.7599999898529118e-08,1.5764982094879088e-05
-1.739999989585883e-08,9.90221480492437e-05
-1.7199999893188545e-08,0.00026351567495908057
-1.699999989051826e-08,0.00047610436084255525
-1.6799999887847972e-08,0.0006454478197497338
-1.6599999885177686e-08,0.0007101135797142888
-1.63999998825074e-08,0.00069394713972315
-1.6199999879837113e-08,0.0006923304957240362
-1.5999999877166827e-08,0.0007703335686812807
-1.579999987449654e-08,0.0009829222545647553
-1.5599999871826254e-08,0.0011753028904593066
-1.5399999869155967e-08,0.0012706848864070253
-1.519999986648568e-08,0.001222185566433609
-1.4999999863815395e-08,0.0011037663934985176
-1.4799999861145108e-08,0.0010496088195282027
-1.4599999858474822e-08,0.0010682002255180123
-1.4399999855804535e-08,0.0011979359064469008
-1.4199999853134249e-08,0.0013519212473624975
-1.3999999850463963e-08,0.001391933186340566
-1.3799999847793676e-08,0.0013434338663671497
-1.359999984512339e-08,0.0012565392514147788
-1.3399999842453104e-08,0.0012141023464380396
-1.3199999839782817e-08,0.0012436060994218678
-1.299999983711253e-08,0.0012961470293930688
-1.2799999834442244e-08,0.0013466671543653774
-1.2599999831771958e-08,0.0013397964173691435
-1.2399999829101672e-08,0.001305846893387752
-1.2199999826431385e-08,0.0012314812694285138
-1.1999999823761099e-08,0.001118720350490321
-1.1799999821090812e-08,0.0010423339215321903
-1.1599999818420526e-08,0.0009914096355601032
-1.139999981575024e-08,0.0009764556785682998
-1.1199999813079953e-08,0.001008384397550799
-1.0999999810409667e-08,0.0010617336495215568
-1.079999980773938e-08,0.00106617942051912
-1.0599999805069094e-08,0.0009469519255844716
-1.0399999802398808e-08,0.0007210259267083075
-1.0199999799728521e-08,0.0005027789868279342
-9.999999797058235e-09,0.00042558423587024663
-9.799999794387948e-09,0.0005419826038064457
-9.599999791717662e-09,0.000766291958683496
-9.399999789047376e-09,0.0009546309845802625
-9.19999978637709e-09,0.0009445269595858008
-8.999999783706803e-09,0.0007190051217094151
-8.799999781036517e-09,0.00046195872585030884
-8.59999977836623e-09,0.0002643239969586375
-8.399999775695944e-09,0.0003099941899336045
-8.199999773025657e-09,0.0005229870368168577
-7.999999770355371e-09,0.0007582087386879266
-7.799999767685085e-09,0.0008907735466152644
-7.599999765014798e-09,0.000805091414662229
-7.399999762344512e-09,0.0005634031367947046
-7.199999759674225e-09,0.0003791057208957227
-6.999999757003939e-09,0.00032737311292407867
-6.799999754333653e-09,0.0004676169798472074
-6.599999751663366e-09,0.0006846514367282452
-6.39999974899308e-09,0.0007246633757063137
-6.1999997463227934e-09,0.0005828028647840711
-5.999999743652507e-09,0.00033383968892053417
-5.799999740982221e-09,0.0001224634860363949
-5.599999738311934e-09,2.263571909111306e-05
-5.399999735641648e-09,0.00012569677403462265
-5.1999997329713615e-09,0.0003370729769187619
-4.999999730301075e-09,0.000518945426819073
-4.799999727630789e-09,0.0005492575018024581
-4.599999724960502e-09,0.00047610436084255525
-4.399999722290216e-09,0.0003205023759278447
-4.1999997196199295e-09,0.00017783354300604515
-3.999999716949643e-09,0.00010872201204392695
-3.799999714279357e-09,0.0002032956859920887
-3.5999997116090703e-09,0.0003908263898892983
-3.399999708938784e-09,0.0005524907898006859
-3.1999997062684975e-09,0.000486208385837017
-2.999999703598211e-09,0.00024047849797170784
-2.7999997009279248e-09,-8.689191184885203e-05
-2.5999996982576384e-09,-0.0002513854387586889
-2.399999695587352e-09,-0.00024330221876311953
-2.1999996929170656e-09,-0.00011194989383511711
-1.999999690246779e-09,-8.002117485261806e-05
-1.7999996875764928e-09,-0.0001693407558036597
-1.5999996849062064e-09,-0.0003176678427223578
-1.39999968223592e-09,-0.0004457868796521325
-1.1999996795656336e-09,-0.0005023694196211181
-9.999996768953472e-10,-0.0005092401566173521
-7.999996742250608e-10,-0.0005674393405854516
-5.999996715547744e-10,-0.0007226371645003837
-3.9999966888448805e-10,-0.0009396716213814216
-1.9999966621420166e-10,-0.0010871903863005627
3.3645608473285843e-16,-0.0011781266112507183
2.0000033912637112e-10,-0.0012609796162053044
4.000003417966575e-10,-0.0013753571791426111
6.000003444669439e-10,-0.0015798626450305164
8.000003471372303e-10,-0.0018324632698920595
1.0000003498075167e-09,-0.001997360957801675
1.200000352477803e-09,-0.002093147114749172
1.4000003551480895e-09,-0.0020842555727540457
1.6000003578183759e-09,-0.002123459189732557
1.8000003604886623e-09,-0.0022281368886751807
2.0000003631589487e-09,-0.0023530226376067276
2.200000365829235e-09,-0.0024443630235566616
2.4000003684995214e-09,-0.0024884165725325147
2.600000371169808e-09,-0.002508624622521438
2.8000003738400942e-09,-0.0025203452915150137
3.0000003765103806e-09,-0.0025235785795132415
3.200000379180667e-09,-0.0025167078425170075
3.4000003818509534e-09,-0.0025114537495198874
3.6000003845212398e-09,-0.0025219619355141276
3.800000387191526e-09,-0.002553486493496848
4.0000003898618126e-09,-0.002582586085480898
4.200000392532099e-09,-0.00260845238946672
4.400000395202385e-09,-0.002606835745467606
4.600000397872672e-09,-0.0025943067544744736
4.800000400542958e-09,-0.0025199411305152353
5.0000004032132445e-09,-0.002464571073545585
5.200000405883531e-09,-0.0023918220935854606
5.400000408553817e-09,-0.0023493851886087214
5.600000411224104e-09,-0.0023340270706171395
5.80000041389439e-09,-0.00228633607264328
6.0000004165646765e-09,-0.002226520244676067
6.200000419234963e-09,-0.002097592885746735
6.400000421905249e-09,-0.0019149121138468672
6.600000424575536e-09,-0.0016986859789653863
6.800000427245822e-09,-0.001473568302088779
7.0000004299161085e-09,-0.0013268578591691949
7.200000432586395e-09,-0.0012306675412219192
7.400000435256681e-09,-0.0011118442072870494
7.600000437926968e-09,-0.0009384591383820862
7.800000440597254e-09,-0.0006854543525207646
8.00000044326754e-09,-0.00040698742367339946
8.200000445937827e-09,-0.0001681282728043243
8.400000448608113e-09,-4.445500687211279e-05
8.6000004512784e-09,-3.556346487698647e-05
8.800000453948686e-09,-6.223809086236542e-05
9.000000456618972e-09,1.5764982094879088e-05
9.200000459289259e-09,0.00023360776097547387
9.400000461959545e-09,0.0005056081138263835
9.600000464629832e-09,0.0007105177407140673
9.800000467300118e-09,0.0007893291356708687
1.0000000469970404e-08,0.0007173884777103012
1.020000047264069e-08,0.0006733349287344481
1.0400000475310977e-08,0.0007020303597187194
1.0600000477981264e-08,0.0008046872536624505
1.080000048065155e-08,0.0009311896465931113
1.1000000483321836e-08,0.0010576920395237721
1.1200000485992123e-08,0.0011029580714989606
1.1400000488662409e-08,0.001111849613494087
1.1600000491332695e-08,0.0011356951124810166
1.1800000494002982e-08,0.0011676238314635157
1.2000000496673268e-08,0.0012436060994218678
1.2200000499343555e-08,0.0013240341383777832
1.2400000502013841e-08,0.0013927415083401229
1.2600000504684127e-08,0.001451344853308001
1.2800000507354414e-08,0.0015309645702643593
1.30000005100247e-08,0.0015709765092424277
1.3200000512694987e-08,0.0016020969062253698
1.3400000515365273e-08,0.0016287715322107488
1.360000051803556e-08,0.0017132411811644488
1.3800000520705846e-08,0.0017657821111356498
1.4000000523376132e-08,0.001800539957116598
1.4200000526046419e-08,0.001828022905101534
1.4400000528716705e-08,0.001828831227101091
1.4600000531386991e-08,0.001853080887087799
1.4800000534057278e-08,0.001885817928069855
1.5000000536727564e-08,0.0019060259780587785
1.520000053939785e-08,0.0018688431660791593
1.5400000542068137e-08,0.0017629529841372005
1.5600000544738423e-08,0.0016760583691848296
1.580000054740871e-08,0.001624729922212964
1.6000000550078996e-08,0.0016501920651990076
1.6200000552749282e-08,0.0016877790381784052
1.640000055541957e-08,0.001742744934148277
1.6600000558089855e-08,0.0016792916571830574
1.6800000560760142e-08,0.001594417847229579
1.7000000563430428e-08,0.0014990358512818602
1.7200000566100714e-08,0.001508331554276765
1.7400000568771e-08,0.0015956303302289143
1.7600000571441287e-08,0.0017197077571609043
1.7800000574111574e-08,0.0018118564651103952
1.800000057678186e-08,0.001878947191073621
1.8200000579452146e-08,0.00186601403908071
1.8400000582122433e-08,0.0018757139030753933
1.860000058479272e-08,0.0019266381890474804
1.8800000587463006e-08,0.00201919105799675
1.9000000590133292e-08,0.0020870901059595326
1.920000059280358e-08,0.0021137647319449115
1.9400000595473865e-08,0.0020628404459728245
1.960000059814415e-08,0.0019860498560149153
1.9800000600814438e-08,0.0019327006040441574
2.0000000603484724e-08,0.001913300876054791
2.020000060615501e-08,0.001926234028047702
2.0400000608825297e-08,0.001956546103031087
2.0600000611495583e-08,0.0019662459670257704
2.080000061416587e-08,0.0019500795270346316
2.1000000616836156e-08,0.0018878387330687474
2.1200000619506442e-08,0.0017847776781252378
2.140000062217673e-08,0.0017063704441682148
2.1600000624847015e-08,0.0016311964982094196
2.18000006275173e-08,0.0015725931532415416
2.2000000630187588e-08,0.0015176272572716698
2.2200000632857874e-08,0.0014493240483091085
2.240000063552816e-08,0.0013826374833456612
2.2600000638198447e-08,0.0012985719953917396
2.2800000640868733e-08,0.0012035941604437994
2.300000064353902e-08,0.0011510532304725984
2.3200000646209306e-08,0.0010892165975064927
2.3400000648879593e-08,0.00106617942051912
2.360000065154988e-08,0.0010298049305390578
2.3800000654220165e-08,0.0009841347375640908
2.4000000656890452e-08,0.0008624822766307716
2.4200000659560738e-08,0.0007028386817182763
2.4400000662231025e-08,0.0005710821957904955
2.460000066490131e-08,0.0005076289188252758
2.4800000667571597e-08,0.0004728710728443275
2.5000000670241884e-08,0.0004898458348350232
