保存した波形 C3
 1 列目は時間,2 列目は信号値
 
-2.52e-08,0.0002841278859477825
-2.4999999997329714e-08,0.0002772571489515485
-2.4799999994659428e-08,0.0002699822509555361
-2.459999999198914e-08,0.000244924268969271
-2.4399999989318855e-08,0.00023886185397259396
-2.419999998664857e-08,0.00021824964298389204
-2.3999999983978282e-08,0.00021380387198632889
-2.3799999981307996e-08,0.00020167904199297482
-2.359999997863771e-08,0.0001717711280093681
-2.3399999975967423e-08,0.00015196723902022313
-2.3199999973297137e-08,0.00012569677403462265
-2.299999997062685e-08,0.00010589288504547767
-2.2799999967956564e-08,8.043074205943412e-05
-2.2599999965286278e-08,4.0014642081587226e-05
-2.239999996261599e-08,3.1931422086017847e-05
-2.2199999959945705e-08,8.490084098866646e-06
-2.199999995727542e-08,-1.2097798958166095e-06
-2.1799999954605132e-08,-1.0505482890721396e-05
-2.1599999951934846e-08,-1.8992863886069244e-05
-2.139999994926456e-08,-2.86927278807525e-05
-2.1199999946594273e-08,-3.596762587676494e-05
-2.0999999943923986e-08,-4.2838362872998914e-05
-2.07999999412537e-08,-5.0113260869011356e-05
-2.0599999938583414e-08,-5.3750709867017576e-05
-2.0399999935913127e-08,-6.668386185992858e-05
-2.019999993324284e-08,-6.749218385948552e-05
-1.9999999930572554e-08,-8.810439484818744e-05
-1.9799999927902268e-08,-0.00010709996183777548
-1.9599999925231982e-08,-0.00011194989383511711
-1.9399999922561695e-08,-0.00013134962182448362
-1.919999991989141e-08,-0.00014751606181562238
-1.8999999917221123e-08,-0.00016731995080476736
-1.8799999914550836e-08,-0.00018065726379745684
-1.859999991188055e-08,-0.00019965283078704488
-1.8399999909210263e-08,-0.00019520705978948172
-1.8199999906539977e-08,-0.00019965283078704488
-1.799999990386969e-08,-0.00020409860178460804
-1.7799999901199404e-08,-0.00021218182178017742
-1.7599999898529118e-08,-0.0002137984657792913
-1.739999989585883e-08,-0.00019884450878748794
-1.7199999893188545e-08,-0.00019359041579036784
-1.699999989051826e-08,-0.00021056517778106354
-1.6799999887847972e-08,-0.0001956112207892602
-1.6599999885177686e-08,-0.0001681282728043243
-1.63999998825074e-08,-0.00015721592581030563
-1.6199999879837113e-08,-0.0001382203588207176
-1.5999999877166827e-08,-0.0001159915038329018
-1.579999987449654e-08,-9.174184384619366e-05
-1.5599999871826254e-08,-6.142976886280849e-05
-1.5399999869155967e-08,-2.141782988474006e-05
-1.519999986648568e-08,1.2531694096651336e-05
-1.4999999863815395e-08,3.920632008203029e-05
-1.4799999861145108e-08,8.164322505876953e-05
-1.4599999858474822e-08,0.00010144711404791451
-1.4399999855804535e-08,0.00012286764703617337
-1.4199999853134249e-08,0.00016126294201512792
-1.3999999850463963e-08,0.0001798543480049375
-1.3799999847793676e-08,0.00018187515300382984
-1.359999984512339e-08,0.00020248736399253175
-1.3399999842453104e-08,0.00020410400799164563
-1.3199999839782817e-08,0.0002109747449878796
-1.299999983711253e-08,0.00022107876998234133
-1.2799999834442244e-08,0.00022875782897813224
-1.2599999831771958e-08,0.0002437117859699356
-1.2399999829101672e-08,0.00023037447297724611
-1.2199999826431385e-08,0.00023684104897370162
-1.1999999823761099e-08,0.0002473492349679418
-1.1799999821090812e-08,0.0002408826589714863
-1.1599999818420526e-08,0.0002477533959677203
-1.139999981575024e-08,0.00022754534597879683
-1.1199999813079953e-08,0.00022107876998234133
-1.0999999810409667e-08,0.00021339971098655042
-1.079999980773938e-08,0.00019723327099541166
-1.0599999805069094e-08,0.00021824964298389204
-1.0399999802398808e-08,0.00020248736399253175
-1.0199999799728521e-08,0.0001851084410020576
-9.999999797058235e-09,0.00017540857700737433
-9.799999794387948e-09,0.00015600884901800782
-9.599999791717662e-09,0.00014226737502553988
-9.399999789047376e-09,0.00012610093503440112
-9.19999978637709e-09,0.00011518858804038246
-8.999999783706803e-09,0.00010468040204614226
-8.799999781036517e-09,7.55808100620925e-05
-8.59999977836623e-09,4.8502023076935075e-05
-8.399999775695944e-09,6.87344009975277e-06
-8.199999773025657e-09,-2.6671922881860155e-05
-7.999999770355371e-09,-8.244614085128887e-05
-7.799999767685085e-09,-0.0001107374108357817
-7.599999765014798e-09,-0.0001511535108136286
-7.399999762344512e-09,-0.0001939945767901463
-7.199999759674225e-09,-0.00024006893076489177
-6.999999757003939e-09,-0.00028978073373764346
-6.799999754333653e-09,-0.0003580839427002047
-6.599999751663366e-09,-0.0003714212556928942
-6.39999974899308e-09,-0.00042517466866343057
-6.1999997463227934e-09,-0.0004635699636423851
-5.999999743652507e-09,-0.0005084318346177952
-5.799999740982221e-09,-0.000542785519598965
-5.599999738311934e-09,-0.0005876473905743751
-5.399999735641648e-09,-0.000614322016559754
-5.1999997329713615e-09,-0.0006547381165376009
-4.999999730301075e-09,-0.0006765628105256383
-4.799999727630789e-09,-0.0006979833435138971
-4.599999724960502e-09,-0.0007303162234961746
-4.399999722290216e-09,-0.0007436535364888641
-4.1999997196199295e-09,-0.0007743697724720278
-3.999999716949643e-09,-0.000790132051463388
-3.799999714279357e-09,-0.000784069636466711
-3.5999997116090703e-09,-0.0007565866884817751
-3.399999708938784e-09,-0.0007877070854647172
-3.1999997062684975e-09,-0.0007937695004613943
-2.999999703598211e-09,-0.0008240815754447794
-2.7999997009279248e-09,-0.0008507562014301584
-2.5999996982576384e-09,-0.0008632851924232909
-2.399999695587352e-09,-0.0008341856004392412
-2.1999996929170656e-09,-0.0007994277544582928
-1.999999690246779e-09,-0.0007820488314678187
-1.7999996875764928e-09,-0.0007759864164711416
-1.5999996849062064e-09,-0.0007687115184751292
-1.39999968223592e-09,-0.0007691156794749077
-1.1999996795656336e-09,-0.0007424410534895287
-9.999996768953472e-10,-0.0006842418695214292
-7.999996742250608e-10,-0.0006098762455621909
-5.999996715547744e-10,-0.0005617810865885531
-3.9999966888448805e-10,-0.0004987319706231119
-1.9999966621420166e-10,-0.0004680157346399483
3.3645608473285843e-16,-0.0004247705076636521
2.0000033912637112e-10,-0.0003879918566838114
4.000003417966575e-10,-0.00030433052972966834
6.000003444669439e-10,-0.0002396647697651133
8.000003471372303e-10,-0.0001798489417978999
1.0000003498075167e-09,-0.00011679982583245874
1.200000352477803e-09,-6.991714985815634e-05
1.4000003551480895e-09,-2.424695688318934e-05
1.6000003578183759e-09,2.4656524090005405e-05
1.8000003604886623e-09,7.962242005987719e-05
2.0000003631589487e-09,0.00011559274904016092
2.200000365829235e-09,0.0001471173070228815
2.4000003684995214e-09,0.00018955421199962075
2.600000371169808e-09,0.00020208320299275329
2.8000003738400942e-09,0.00022754534597879683
3.0000003765103806e-09,0.00023360776097547387
3.200000379180667e-09,0.0002590699039615174
3.4000003818509534e-09,0.000264728157958416
3.6000003845212398e-09,0.0002812987589493332
3.800000387191526e-09,0.00033788129891831886
4.0000003898618126e-09,0.00035121861191100834
4.200000392532099e-09,0.00035728102690768537
4.400000395202385e-09,0.00037465994989815954
4.600000397872672e-09,0.0003989096098848677
4.800000400542958e-09,0.0004170968548748988
5.0000004032132445e-09,0.0004073969908802155
5.200000405883531e-09,0.00041386356687667103
5.400000408553817e-09,0.0004247759138706897
5.600000411224104e-09,0.00043730490486382223
5.80000041389439e-09,0.0004312424898671452
6.0000004165646765e-09,0.0004243717528709112
6.200000419234963e-09,0.00040335538088243084
6.400000421905249e-09,0.0004114386008780002
6.600000424575536e-09,0.0003762765938972734
6.800000427245822e-09,0.00036819337390170404
7.0000004299161085e-09,0.0003411145869165466
7.200000432586395e-09,0.0003479853239127806
7.400000435256681e-09,0.0003192898929285093
7.600000437926968e-09,0.0003205023759278447
7.800000440597254e-09,0.00028089459794955474
8.00000044326754e-09,0.00026270735295952363
8.200000445937827e-09,0.00023684104897370162
8.400000448608113e-09,0.00022956615097768918
8.6000004512784e-09,0.00023643688797392315
8.800000453948686e-09,0.00024937003996683416
9.000000456618972e-09,0.0002497742009666126
9.200000459289259e-09,0.00025987822596107435
9.400000461959545e-09,0.0002602823869608528
9.600000464629832e-09,0.00030797338493471216
9.800000467300118e-09,0.0003297980789227495
1.0000000469970404e-08,0.0003803182038950581
1.020000047264069e-08,0.0004300300068678098
1.0400000475310977e-08,0.0005056081138263835
1.0600000477981264e-08,0.0005545115947995782
1.080000048065155e-08,0.000622410642762361
1.1000000483321836e-08,0.0006802056657306821
1.1200000485992123e-08,0.0007606337046865974
1.1400000488662409e-08,0.0007873083306719764
1.1600000491332695e-08,0.0008580365056332084
1.1800000494002982e-08,0.0008992609276106123
1.2000000496673268e-08,0.0009513976965820348
1.2200000499343555e-08,0.0010079802365510204
1.2400000502013841e-08,0.0010504171415277597
1.2600000504684127e-08,0.0010544587515255444
1.2800000507354414e-08,0.0010589045225231075
1.30000005100247e-08,0.0010952790125031697
1.3200000512694987e-08,0.0011146787404925362
1.3400000515365273e-08,0.0011272077314856688
1.360000051803556e-08,0.0011227619604881056
1.3800000520705846e-08,0.0011276118924854472
1.4000000523376132e-08,0.001136907595480352
1.4200000526046419e-08,0.001130845180483675
1.4400000528716705e-08,0.0011381200784796874
1.4600000531386991e-08,0.0011373117564801305
1.4800000534057278e-08,0.0011413533664779152
1.5000000536727564e-08,0.0011259952484863334
1.520000053939785e-08,0.0011365034344805736
1.5400000542068137e-08,0.0011449908154759214
1.5600000544738423e-08,0.0011522657134719339
1.580000054740871e-08,0.0011417575274776937
1.6000000550078996e-08,0.0011251869264867764
1.6200000552749282e-08,0.0011259952484863334
1.640000055541957e-08,0.001117103706491207
1.6600000558089855e-08,0.001137715917479909
1.6800000560760142e-08,0.00110578719849741
1.7000000563430428e-08,0.0010908332415056066
1.7200000566100714e-08,0.0010589045225231075
1.7400000568771e-08,0.0010071719145514635
1.7600000571441287e-08,0.0009691807805722874
1.7800000574111574e-08,0.0009142148846024156
1.800000057678186e-08,0.0008839028096190304
1.8200000579452146e-08,0.0008200453716540324
1.8400000582122433e-08,0.0007679086026826099
1.860000058479272e-08,0.0007311299517027692
1.8800000587463006e-08,0.0006684849967371065
1.9000000590133292e-08,0.0006046275587721084
1.920000059280358e-08,0.0005431950868057811
1.9400000595473865e-08,0.00047852932684122607
1.960000059814415e-08,0.00042679671886958204
1.9800000600814438e-08,0.0003932513558879691
2.0000000603484724e-08,0.00035889767090679925
2.020000060615501e-08,0.0003168649269298385
2.0400000608825297e-08,0.00025704909896262507
2.0600000611495583e-08,0.00022714118497901836
2.080000061416587e-08,0.00018470428000227912
2.1000000616836156e-08,0.00016085878101534945
2.1200000619506442e-08,0.00014226737502553988
2.140000062217673e-08,0.00013377999403019203
2.1600000624847015e-08,0.00011559274904016092
2.18000006275173e-08,0.00011235946104193317
2.2000000630187588e-08,8.083490305921259e-05
2.2200000632857874e-08,4.8906184076713544e-05
2.240000063552816e-08,2.0614914092220715e-05
2.2600000638198447e-08,1.091505009753746e-05
2.2800000640868733e-08,-1.5355414888063024e-05
2.300000064353902e-08,-5.577151486590992e-05
2.3200000646209306e-08,-9.093352184663672e-05
2.3400000648879593e-08,-0.00013134962182448362
2.360000065154988e-08,-0.00017014907780321664
2.3800000654220165e-08,-0.0002267316177722023
2.4000000656890452e-08,-0.00025744785375536594
2.4200000659560738e-08,-0.0003112012667259023
2.4400000662231025e-08,-0.0003463632737066291
2.460000066490131e-08,-0.00037707950968979276
2.4800000667571597e-08,-0.0004090082286722918
2.5000000670241884e-08,-0.00042921627866121526
