保存した波形 C3
 1 列目は時間,2 列目は信号値
 
-7.500000000000001e-09,-0.0010290292866557138
-7.399999998664858e-09,-0.0009987076128936678
-7.299999997329715e-09,-0.000973547075091119
-7.199999995994571e-09,-0.0010270938606709024
-7.099999994659428e-09,-0.001059996102412697
-6.999999993324285e-09,-0.0010283841446607767
-6.899999991989142e-09,-0.0009922561929442963
-6.799999990653999e-09,-0.001038706416579771
-6.6999999893188554e-09,-0.0010548349664531997
-6.599999987983712e-09,-0.001060641244407634
-6.499999986648569e-09,-0.0010812857882456228
-6.399999985313426e-09,-0.0011199943079418517
-6.299999983978283e-09,-0.0011709605255418865
-6.1999999826431394e-09,-0.0011857987914254409
-6.099999981307996e-09,-0.0011806376554659437
-5.999999979972853e-09,-0.0012393455770052242
-5.89999997863771e-09,-0.0012548289848837157
-5.799999977302567e-09,-0.0012322490150609156
-5.6999999759674235e-09,-0.001212249613217864
-5.59999997463228e-09,-0.0011683799575621379
-5.499999973297137e-09,-0.001181927939455818
-5.399999971961994e-09,-0.0011632188216026407
-5.299999970626851e-09,-0.0011367679998102176
-5.1999999692917075e-09,-0.0011574125436482063
-5.099999967956564e-09,-0.0011148331719823545
-4.999999966621421e-09,-0.0011135428879924802
-4.899999965286278e-09,-0.0010754795102911885
-4.799999963951135e-09,-0.0010490286884987654
-4.6999999626159915e-09,-0.001008384742817725
-4.599999961280848e-09,-0.0009606442351923761
-4.499999959945705e-09,-0.0008916140417341012
-4.399999958610562e-09,-0.0009161294375417128
-4.299999957275419e-09,-0.0009283871354455187
-4.1999999559402755e-09,-0.0009554830992328789
-4.099999954605132e-09,-0.0009161294375417128
-3.999999953269989e-09,-0.0009445156853189474
-3.899999951934846e-09,-0.0009999978968835421
-3.799999950599703e-09,-0.0009812887790303648
-3.6999999492645595e-09,-0.0009767727850658048
-3.5999999479294163e-09,-0.0008754854918606725
-3.499999946594273e-09,-0.0008567763740074952
-3.39999994525913e-09,-0.0007587147907770486
-3.2999999439239868e-09,-0.0007664564947162944
-3.1999999425888436e-09,-0.0009219357154961472
-3.0999999412537004e-09,-0.0013206334683673049
-2.999999939918557e-09,-0.002177382037643838
-2.899999938583414e-09,-0.0036005652784751874
-2.7999999372482708e-09,-0.005098584990719246
-2.6999999359131276e-09,-0.006454028322082195
-2.5999999345779844e-09,-0.007139169120705446
-2.499999933242841e-09,-0.006825630111165992
-2.399999931907698e-09,-0.0056572779583348165
-2.2999999305725548e-09,-0.004034100699072951
-2.1999999292374116e-09,-0.00242124571173008
-2.0999999279022684e-09,-0.001269022108772333
-1.999999926567125e-09,-0.000603880711992133
-1.899999925231982e-09,-0.0002948576964172389
-1.7999999238968388e-09,-0.00017099043338930642
-1.6999999225616956e-09,-0.0001935704032121066
-1.5999999212265524e-09,-0.00023163378091339837
-1.4999999198914092e-09,-0.0002722777265944387
-1.399999918556266e-09,-0.00029679312240205036
-1.2999999172211228e-09,-0.0002722777265944387
-1.1999999158859796e-09,-0.00027937428853874735
-1.0999999145508364e-09,-0.00022711778694883833
-9.999999132156932e-10,-0.0002477623307868271
-8.9999991188055e-10,-0.00017679671134374075
-7.999999105454069e-10,-0.00019228011922223232
-6.999999092102637e-10,-0.00012583049374370603
-5.999999078751205e-10,-7.099342417404841e-05
-4.999999065399773e-10,7.068757213346544e-06
-3.9999990520483407e-10,-6.196143624492834e-05
-2.9999990386969087e-10,-0.00012195964177408314
-1.9999990253454768e-10,-0.0002238920769741526
-9.999990119940448e-11,-0.00021679551502984395
1.0013573871603585e-16,-0.0003064702523261076
1.0000010147088191e-10,-0.00032195366020459915
2.000001028060251e-10,-0.0003425982040425879
3.000001041411683e-10,-0.0003064702523261076
4.000001054763115e-10,-0.0003277599381590335
5.000001068114547e-10,-0.0002426011948273299
6.000001081465979e-10,-0.0002838902825033074
7.000001094817411e-10,-0.0002696971586146901
8.000001108168843e-10,-0.000286470850483056
9.000001121520275e-10,-0.00028840627646786743
1.0000001134871707e-09,-0.0002800194305336845
1.1000001148223139e-09,-0.0002574394607108843
1.200000116157457e-09,-0.00022518236096402688
1.3000001174926003e-09,-0.0002400206268475813
1.4000001188277435e-09,-0.00018324813129311224
1.5000001201628867e-09,-0.00019163497722729517
1.6000001214980299e-09,-0.0002361497748779584
1.700000122833173e-09,-0.00027421315257925016
1.8000001241683162e-09,-0.0002626005966703815
1.9000001255034594e-09,-0.00027163258459950157
2.0000001268386026e-09,-0.00029679312240205036
2.100000128173746e-09,-0.00031550224025522766
2.200000129508889e-09,-0.0002464720467969528
2.3000001308440322e-09,-0.0002238920769741526
2.4000001321791754e-09,-0.00026195545467544434
2.5000001335143186e-09,-0.00025292346674632427
2.600000134849462e-09,-0.00018389327328804939
