保存した波形 C3
 1 列目は時間,2 列目は信号値
 
-5.019999999999999e-08,-0.00011397069883400945
-4.9999999997329707e-08,-0.00011760814783201567
-4.979999999465942e-08,-9.659177584353529e-05
-4.9599999991989134e-08,-6.91088278585994e-05
-4.939999998931885e-08,-5.0921582868568294e-05
-4.919999998664856e-08,-2.020534688540465e-05
-4.8999999983978275e-08,1.3744177095986743e-05
-4.879999998130799e-08,3.2739744085574785e-05
-4.85999999786377e-08,7.275168306364321e-05
-4.8399999975967415e-08,0.00010387208004658532
-4.819999997329713e-08,0.00013580079902908437
-4.799999997062684e-08,0.0001628795860142418
-4.7799999967956556e-08,0.00018834172900028534
-4.759999996528627e-08,0.00022997031197746765
-4.7399999962615983e-08,0.00022714118497901836
-4.71999999599457e-08,0.000257857420962182
-4.699999995727541e-08,0.0002784696319508839
-4.6799999954605124e-08,0.0002748321829528777
-4.659999995193484e-08,0.0002800862759499978
-4.639999994926455e-08,0.00029140278394379493
-4.6199999946594265e-08,0.0002889778179451241
-4.599999994392398e-08,0.0002849362079473394
-4.579999994125369e-08,0.00027564050495243464
-4.5599999938583406e-08,0.0002800862759499978
-4.539999993591312e-08,0.0002683656069564222
-4.519999993324283e-08,0.0002332035999756954
-4.499999993057255e-08,0.00020652897399031644
-4.479999992790226e-08,0.00020531649099098104
-4.4599999925231974e-08,0.00017015448401025424
-4.439999992256169e-08,0.00013701328202841978
-4.41999999198914e-08,9.417221605190207e-05
-4.3999999917221115e-08,7.234752206386474e-05
-4.379999991455083e-08,4.16312860807011e-05
-4.359999991188054e-08,-7.676355892272113e-06
-4.3399999909210256e-08,-2.101366888496159e-05
-4.319999990653997e-08,-6.951298885837787e-05
-4.299999990386968e-08,-9.740009784309223e-05
-4.2799999901199396e-08,-0.0001382203588207176
-4.259999989852911e-08,-0.0001616616968078688
-4.2399999895858824e-08,-0.00018954880579258315
-4.219999989318854e-08,-0.0002267316177722023
-4.199999989051825e-08,-0.00025987281975403675
-4.1799999887847964e-08,-0.0002812933527422956
-4.159999988517768e-08,-0.00030796797872767456
-4.139999988250739e-08,-0.00033706757071172433
-4.1199999879837105e-08,-0.00036131723069843247
-4.099999987716682e-08,-0.00037829199268912816
-4.079999987449653e-08,-0.000406583262673621
-4.0599999871826246e-08,-0.00041507064366896884
-4.039999986915596e-08,-0.0004328537276592215
-4.0199999866485673e-08,-0.0004575075486457081
-3.999999986381539e-08,-0.0004732698276370684
-3.97999998611451e-08,-0.0004680157346399483
-3.9599999858474814e-08,-0.00048135304763263775
-3.939999985580453e-08,-0.0004611449976437143
-3.919999985313424e-08,-0.00045023265064969564
-3.8999999850463955e-08,-0.00042921627866121526
-3.879999984779367e-08,-0.0003762711876902358
-3.859999984512338e-08,-0.0003463632737066291
-3.8399999842453096e-08,-0.00029260986073609274
-3.819999983978281e-08,-0.00022834826177131617
-3.799999983711252e-08,-0.00014307029081805922
-3.7799999834442237e-08,-5.698399786524533e-05
-3.759999983177195e-08,2.1827397091556122e-05
-3.7399999829101664e-08,0.00011033865604304083
-3.719999982643138e-08,0.0002057206519907595
-3.699999982376109e-08,0.0003124191559322753
-3.6799999821090805e-08,0.00039688880488597533
-3.659999981842052e-08,0.0004716585898449921
-3.639999981575023e-08,0.000570678034790717
-3.6199999813079945e-08,0.0006507019127468538
-3.599999981040966e-08,0.0007380006886990031
-3.579999980773937e-08,0.0007970081946666596
-3.5599999805069086e-08,0.0008515699296367529
-3.53999998023988e-08,0.0009008775716097261
-3.5199999799728514e-08,0.0009534185015809271
-3.499999979705823e-08,0.0009893888305612109
-3.479999979438794e-08,0.0010289966085395008
-3.4599999791717654e-08,0.0010738584795149109
-3.439999978904737e-08,0.0010993206225009544
-3.419999978637708e-08,0.001130845180483675
-3.3999999783706795e-08,0.0011680279924632941
-3.379999978103651e-08,0.0011874277204526607
-3.359999977836622e-08,0.0011906610084508884
-3.3399999775695936e-08,0.0011967234234475654
-3.319999977302565e-08,0.001182577788455319
-3.299999977035536e-08,0.0011850027544539898
-3.279999976768508e-08,0.0011716654414613004
-3.259999976501479e-08,0.0011603489334675032
-3.2399999762344504e-08,0.0011466074594750353
-3.219999975967422e-08,0.001098916461501176
-3.199999975700393e-08,0.0010637544545204491
-3.1799999754333645e-08,0.0010249549985417161
-3.159999975166336e-08,0.0009910054745603247
-3.139999974899307e-08,0.0009105774356044094
-3.1199999746322786e-08,0.0008717779796256764
-3.09999997436525e-08,0.0007877124916717548
-3.079999974098221e-08,0.0007072844527158395
-3.0599999738311926e-08,0.0006248356087610318
-3.039999973564164e-08,0.0005294536128133132
-3.0199999732971354e-08,0.000433667455865816
-2.999999973030107e-08,0.00032211901992695857
-2.979999972763078e-08,0.00022229125298167673
-2.9599999724960495e-08,0.00010265959704724992
-2.9399999722290208e-08,-6.463872892936706e-06
-2.9199999719619922e-08,-0.0001317537828242621
-2.8999999716949635e-08,-0.000243706379762898
-2.879999971427935e-08,-0.00035525481570175543
-2.8599999711609063e-08,-0.00047811975963441
-2.8399999708938776e-08,-0.0005787558485792488
-2.819999970626849e-08,-0.0006672671075307335
-2.7999999703598203e-08,-0.0007723489674731354
-2.7799999700927917e-08,-0.000848735396431266
-2.759999969825763e-08,-0.0009174427663936058
-2.7399999695587344e-08,-0.0009966583223501857
-2.7199999692917058e-08,-0.0010799154883045503
-2.699999969024677e-08,-0.0011336689012750867
-2.6799999687576485e-08,-0.0011728725182535982
-2.65999996849062e-08,-0.0012334966682203685
-2.6399999682235912e-08,-0.0012832084711931202
-2.6199999679565626e-08,-0.0013147330291758408
-2.599999967689534e-08,-0.0013486825531572322
-2.5799999674225053e-08,-0.0013741446961432757
-2.5599999671554767e-08,-0.0014076900591248886
-2.539999966888448e-08,-0.001414964957120901
-2.5199999666214194e-08,-0.001416581601120015
-2.4999999663543908e-08,-0.0014190065671186858
-2.479999966087362e-08,-0.0014266856261144767
-2.4599999658203335e-08,-0.0014307272361122614
-2.4399999655533048e-08,-0.0014004151611288762
-2.4199999652862762e-08,-0.0013862695261366298
-2.3999999650192476e-08,-0.0013729322131439403
-2.379999964752219e-08,-0.0013300911471674226
-2.3599999644851903e-08,-0.0013074581311798283
-2.3399999642181616e-08,-0.0012359216342190393
-2.319999963951133e-08,-0.0011870181532458446
-2.2999999636841044e-08,-0.001104569309291037
-2.2799999634170757e-08,-0.0010168663723391091
-2.259999963150047e-08,-0.0008875348524099991
-2.2399999628830184e-08,-0.0007796238654691479
-2.2199999626159898e-08,-0.000640996642545133
-2.199999962348961e-08,-0.000497923648623555
-2.1799999620819325e-08,-0.00036818796769466644
-2.159999961814904e-08,-0.00020692772878305732
-2.1399999615478752e-08,-4.2838362872998914e-05
-2.1199999612808466e-08,0.00011640107103971786
-2.099999961013818e-08,0.0002889778179451241
-2.0799999607467893e-08,0.0004676169798472074
-2.0599999604797607e-08,0.0006159440667659055
-2.039999960212732e-08,0.0007671002806830529
-2.0199999599457034e-08,0.0009275521975951051
-1.9999999596786748e-08,0.0010690085475175692
-1.979999959411646e-08,0.0011975317454471224
-1.9599999591446175e-08,0.001293722063394398
-1.939999958877589e-08,0.0014262868713217358
-1.9199999586105602e-08,0.0015164147742723344
-1.8999999583435316e-08,0.001587547110233345
-1.879999958076503e-08,0.0016687834711888172
-1.8599999578094743e-08,0.0017132411811644488
-1.8399999575424457e-08,0.0017568905691405234
-1.819999957275417e-08,0.0017730570091316622
-1.7999999570083884e-08,0.0017912442541216933
-1.7799999567413597e-08,0.001795285864119478
-1.759999956474331e-08,0.0017969025081185919
-1.7399999562073025e-08,0.0017920525761212502
-1.7199999559402738e-08,0.0017920525761212502
-1.6999999556732452e-08,0.0017835651951259024
-1.6799999554062165e-08,0.0017665904331352067
-1.659999955139188e-08,0.0017439574171476124
-1.6399999548721593e-08,0.0017225368841593536
-1.6199999546051306e-08,0.0017063704441682148
-1.599999954338102e-08,0.0016966705801735316
-1.5799999540710733e-08,0.0016764625301846081
-1.5599999538040447e-08,0.0016214966342147363
-1.539999953537016e-08,0.001605734355223376
-1.5199999532699874e-08,0.0015725931532415416
-1.4999999530029588e-08,0.00153338953626303
-1.4799999527359302e-08,0.0014856985382891708
-1.4599999524689015e-08,0.0014582155903042349
-1.4399999522018729e-08,0.0014004205673359138
-1.4199999519348442e-08,0.0013337340023724664
-1.3999999516678156e-08,0.0012456269044207602
-1.379999951400787e-08,0.0011530740354714908
-1.3599999511337583e-08,0.0010475880145293104
-1.3399999508667297e-08,0.0009408895105877946
-1.319999950599701e-08,0.0008002414826648874
-1.2999999503326724e-08,0.0006709099627357773
-1.2799999500656438e-08,0.0005241995198161931
-1.2599999497986151e-08,0.0003661725689028117
-1.2399999495315865e-08,0.00020814561798943032
-1.2199999492645578e-08,6.426430206829536e-05
-1.1999999489975292e-08,-8.406278485040275e-05
-1.1799999487305006e-08,-0.00025704369275558747
-1.159999948463472e-08,-0.00040819990667273487
-1.1399999481964433e-08,-0.0005407647146000727
-1.1199999479294146e-08,-0.0006826252255223153
-1.099999947662386e-08,-0.0008139775504503177
-1.0799999473953574e-08,-0.0009392674603816431
-1.0599999471283287e-08,-0.0010463701253229374
-1.0399999468613001e-08,-0.0011453895702686623
-1.0199999465942715e-08,-0.0012306675412219192
-9.999999463272428e-09,-0.001298566589184702
-9.799999460602142e-09,-0.0013652531541481494
-9.599999457931855e-09,-0.0014024359661277686
-9.399999455261569e-09,-0.001423452338116249
-9.199999452591283e-09,-0.0014380021341082738
-8.999999449920996e-09,-0.0014392146171076092
-8.79999944725071e-09,-0.0014343646851102676
-8.599999444580423e-09,-0.001410519186123338
-8.399999441910137e-09,-0.0014032442881273255
-8.19999943923985e-09,-0.0013992026781295408
-7.999999436569564e-09,-0.0013866736871364083
-7.799999433899278e-09,-0.0013834403991381805
-7.599999431228991e-09,-0.0013911194581339714
-7.399999428558705e-09,-0.001403648449127104
-7.199999425888419e-09,-0.0014210273721175781
-6.999999423218132e-09,-0.00143638549010916
-6.799999420547846e-09,-0.0014687183700914375
-6.5999994178775595e-09,-0.001493372191077924
-6.399999415207273e-09,-0.0015236842660613092
-6.199999412536987e-09,-0.0015523796970455805
-5.9999994098667e-09,-0.0015927957970234274
-5.799999407196414e-09,-0.0016085580760147877
-5.5999994045261275e-09,-0.0016210870670079203
-5.399999401855841e-09,-0.0016315952530021605
-5.199999399185555e-09,-0.0016267453210048188
-4.999999396515268e-09,-0.001657057395988204
-4.799999393844982e-09,-0.001664736454983995
-4.5999993911746955e-09,-0.001696665173966494
-4.399999388504409e-09,-0.0016594823619868748
-4.199999385834123e-09,-0.0016485700149928562
-3.999999383163836e-09,-0.0016093663980143447
-3.79999938049355e-09,-0.001567333654037384
-3.5999993778232636e-09,-0.0015483380870477959
-3.399999375152977e-09,-0.0015265133930597585
-3.1999993724826908e-09,-0.001553592180044916
-2.9999993698124044e-09,-0.0015911791530243136
-2.799999367142118e-09,-0.0016671614209826657
-2.5999993644718316e-09,-0.0016736279969791212
-2.3999993618015452e-09,-0.0016291702870034896
-2.199999359131259e-09,-0.0015442964770500112
-1.9999993564609724e-09,-0.0014711433360901083
-1.799999353790686e-09,-0.0013850570431372944
-1.5999993511203997e-09,-0.001351107519155903
-1.3999993484501133e-09,-0.001323624571170967
-1.1999993457798269e-09,-0.0013098830971784992
-9.999993431095405e-10,-0.0013078622921796068
-7.999993404392541e-10,-0.001325241215170081
-5.999993377689677e-10,-0.0013369618841636566
-3.999993350986813e-10,-0.0013474700701578968
-1.999993324283949e-10,-0.0013721238911443834
6.702418914820528e-16,-0.0013668697981472633
2.0000067291217787e-10,-0.0013753571791426111
4.0000067558246427e-10,-0.0013672739591470418
6.000006782527507e-10,-0.0013660614761477063
8.00000680923037e-10,-0.0012997790721840374
1.0000006835933234e-09,-0.0012541088792090704
1.2000006862636098e-09,-0.0011862098312462876
1.4000006889338962e-09,-0.0011134608512861632
1.6000006916041826e-09,-0.0010326286513304694
1.800000694274469e-09,-0.0008968305554049039
2.0000006969447554e-09,-0.0007658823914766799
2.200000699615042e-09,-0.0006260426855533296
2.400000702285328e-09,-0.00048781962362909326
2.6000007049556146e-09,-0.0003273677067170411
2.800000707625901e-09,-0.00015317431581252094
3.0000007102961874e-09,6.87344009975277e-06
3.2000007129664738e-09,0.00018995837299939922
3.40000071563676e-09,0.00036698089090236863
3.6000007183070465e-09,0.0005403659598073318
3.800000720977333e-09,0.00069394713972315
4.000000723647619e-09,0.000863694759630107
4.200000726317906e-09,0.0010140426515476975
4.400000728988192e-09,0.0011692404754626295
4.6000007316584785e-09,0.001299784478391075
4.800000734328765e-09,0.0014327534473181913
5.000000736999051e-09,0.0015673390602444215
5.200000739669338e-09,0.0016736334031861588
5.400000742339624e-09,0.001782352712126567
5.6000007450099105e-09,0.0019023885290607723
5.800000747680197e-09,0.0020216160239954206
6.000000750350483e-09,0.0021153813759440254
6.20000075302077e-09,0.002219250752887092
6.400000755691056e-09,0.0022911914108476594
6.6000007583613424e-09,0.0023764693818009164
6.800000761031629e-09,0.002453664132758604
7.000000763701915e-09,0.002529646400716956
7.200000766372202e-09,0.0025757207546917016
7.400000769042488e-09,0.002637153226658029
7.600000771712774e-09,0.0026654444966425217
7.80000077438306e-09,0.0027220270366115074
8.000000777053347e-09,0.0027470850185977724
8.200000779723634e-09,0.002764059780588468
8.40000078239392e-09,0.002760422331590462
8.600000785064206e-09,0.0027309185786066337
8.800000787734493e-09,0.0027014148256228054
9.000000790404779e-09,0.002669890267640085
9.200000793075066e-09,0.002589866389683948
9.400000795745352e-09,0.0025086300287284757
9.600000798415638e-09,0.0024168854817787633
9.800000801085925e-09,0.002292403893846995
1.0000000803756211e-08,0.002178834652909245
1.0200000806426497e-08,0.002041015751984787
1.0400000809096784e-08,0.0018906678600671967
1.060000081176707e-08,0.0017265784941571383
1.0800000814437357e-08,0.0015697640262430923
1.1000000817107643e-08,0.0013951664743387937
1.120000081977793e-08,0.0012314812694285138
1.1400000822448216e-08,0.00107143351351624
1.1600000825118502e-08,0.0008960276396123845
1.1800000827788789e-08,0.0007557837726892558
1.2000000830459075e-08,0.0006199856767636902
1.2200000833129361e-08,0.0004858042248372385
1.2400000835799648e-08,0.0003637476029041409
1.2600000838469934e-08,0.0002461367519686064
1.280000084114022e-08,0.00015075475602088773
1.3000000843810507e-08,6.830591206608005e-05
1.3200000846480793e-08,-1.4951253888284555e-05
1.340000084915108e-08,-7.759620885394725e-05
1.3600000851821366e-08,-0.00013256210482381903
1.3800000854491653e-08,-0.00019520705978948172
1.4000000857161939e-08,-0.00026270194675248604
1.4200000859832225e-08,-0.0003075638177278961
1.4400000862502512e-08,-0.0003451507907072937
1.4600000865172798e-08,-0.00040334997467539324
1.4800000867843084e-08,-0.00045265761664836646
1.500000087051337e-08,-0.00047771559863463153
1.5200000873183657e-08,-0.0004902445896277641
1.5400000875853944e-08,-0.0005201525036113708
1.560000087852423e-08,-0.000543593841598522
1.5800000881194516e-08,-0.000555718671591876
1.6000000883864803e-08,-0.0005872432295745966
1.620000088653509e-08,-0.0005965389325695014
1.6400000889205376e-08,-0.0006207885925562096
1.6600000891875662e-08,-0.0006179594655577603
1.680000089454595e-08,-0.0006502923455400378
1.7000000897216235e-08,-0.0006466548965420316
1.720000089988652e-08,-0.0006462507355422531
1.7400000902556808e-08,-0.0006155344995590895
1.7600000905227094e-08,-0.0006260426855533296
1.780000090789738e-08,-0.0006147261775595325
1.8000000910567667e-08,-0.0006009847035670646
1.8200000913237953e-08,-0.0005601644425894392
1.840000091590824e-08,-0.0005439980025983004
1.8600000918578526e-08,-0.0005056027076193459
1.8800000921248812e-08,-0.0004663990906408344
1.90000009239191e-08,-0.00042679131266254444
1.9200000926589385e-08,-0.0003960750766793808
1.940000092925967e-08,-0.0003520215277035277
1.9600000931929958e-08,-0.000295438987734542
1.9800000934600244e-08,-0.00025057711675913197
2.000000093727053e-08,-0.00021258598277995588
2.0200000939940817e-08,-0.0001576200868100841
2.0400000942611103e-08,-0.00010750412283755395
2.060000094528139e-08,-8.406278485040275e-05
2.0800000947951676e-08,-3.677594787632188e-05
2.1000000950621963e-08,-7.272194892493644e-06
2.120000095329225e-08,1.2531694096651336e-05
2.1400000955962535e-08,1.3744177095986743e-05
2.1600000958632822e-08,3.3143905085353254e-05
2.1800000961303108e-08,2.5464846089562343e-05
2.2000000963973395e-08,3.354806608513172e-05
2.220000096664368e-08,2.8698134087790095e-05
2.2400000969313967e-08,3.2335583085796316e-05
2.2600000971984254e-08,3.071893908668244e-05
2.280000097465454e-08,2.303988009089153e-05
2.3000000977324827e-08,5.256796100638894e-06
2.3200000979995113e-08,2.1019075091999184e-05
2.34000009826654e-08,1.455249909554368e-05
2.3600000985335686e-08,3.354806608513172e-05
2.3800000988005972e-08,2.0210753092442246e-05
2.400000099067626e-08,3.3143905085353254e-05
2.4200000993346545e-08,5.6181082072725985e-05
2.440000099601683e-08,6.951839506541546e-05
2.4600000998687118e-08,8.123906405899106e-05
2.4800001001357404e-08,9.538469905123748e-05
2.500000100402769e-08,0.0001248884520350657
2.5200001006697977e-08,0.0001446923410242107
2.5400001009368263e-08,0.00018712924600094993
2.560000101203855e-08,0.000199254075994304
2.5800001014708836e-08,0.00023199111697636
2.6000001017379122e-08,0.00026109070896040976
2.620000102004941e-08,0.0002812987589493332
2.6400001022719695e-08,0.00032616062992474326
2.660000102538998e-08,0.00035647270490812843
2.6800001028060268e-08,0.0003867847798915136
2.7000001030730554e-08,0.0004296258458680313
2.720000103340084e-08,0.0004571087938529672
2.7400001036071127e-08,0.0004999498598294849
2.7600001038741414e-08,0.0005383451548084395
2.78000010414117e-08,0.000557744882797806
2.8000001044081986e-08,0.0005912902457794189
2.8200001046752273e-08,0.0006135191007672347
2.840000104942256e-08,0.0006397895657528352
2.8600001052092846e-08,0.000668080835737328
2.8800001054763132e-08,0.0006830347927291314
2.9000001057433418e-08,0.000740425654697674
2.9200001060103705e-08,0.000772354373680173
2.940000106277399e-08,0.0007873083306719764
2.9600001065444277e-08,0.0008022622876637797
2.9800001068114564e-08,0.0008155996006564692
3.000000107078485e-08,0.0008261077866507094
3.0200001073455137e-08,0.0008608656326316577
3.040000107612542e-08,0.0008778403946223534
3.060000107879571e-08,0.0008786487166219104
3.0800001081465996e-08,0.0008871360976172582
3.100000108413628e-08,0.0008883485806165936
3.120000108680657e-08,0.000895623478612606
3.1400001089476855e-08,0.0008725863016252333
3.160000109214714e-08,0.0008539948956354237
3.180000109481743e-08,0.0008354034896456142
3.2000001097487714e-08,0.0008257036256509309
3.2200001100158e-08,0.0008208536936535893
3.240000110282829e-08,0.0007711418906808376
3.2600001105498573e-08,0.0007618461876859328
3.280000110816886e-08,0.0007380006886990031
3.3000001110839146e-08,0.0007032428427180548
3.320000111350943e-08,0.0007032428427180548
3.340000111617972e-08,0.0006931388177235931
3.3600001118850005e-08,0.0006975845887211563
3.380000112152029e-08,0.0006992012327202701
3.400000112419058e-08,0.0007186009607096366
3.4200001126860865e-08,0.0007000095547198271
3.440000112953115e-08,0.0007412339766972309
3.460000113220144e-08,0.0007339590787012185
3.4800001134871724e-08,0.0007529546456908065
3.500000113754201e-08,0.0007711418906808376
3.5200001140212296e-08,0.0007994331606653304
3.540000114288258e-08,0.0008014539656642228
3.560000114555287e-08,0.000811962151658463
3.5800001148223156e-08,0.0008463158366396328
3.600000115089344e-08,0.0008535907346356453
3.620000115356373e-08,0.0008786487166219104
3.6400001156234015e-08,0.000876627911623018
3.66000011589043e-08,0.0008685446916274486
3.680000116157459e-08,0.0008729904626250118
3.7000001164244874e-08,0.000863694759630107
3.720000116691516e-08,0.0008321702016473864
3.740000116958545e-08,0.0008362118116451711
3.760000117225573e-08,0.0008155996006564692
3.780000117492602e-08,0.0007768001446777362
3.8000001177596306e-08,0.0007291091467038768
3.820000118026659e-08,0.0007032428427180548
3.840000118293688e-08,0.0006595934547419802
3.8600001185607165e-08,0.0006030109147729945
3.880000118827745e-08,0.0005803778987854002
3.900000119094774e-08,0.0005371326718091041
3.9200001193618024e-08,0.0004959082498317002
3.940000119628831e-08,0.00046559617484831506
3.96000011989586e-08,0.0004130552448771141
3.9800001201628883e-08,0.0003803182038950581
4.000000120429917e-08,0.00032616062992474326
4.0200001206969456e-08,0.00026796144595664373
4.040000120963974e-08,0.00020774145698965185
4.060000121231003e-08,0.0001523714000200016
4.0800001214980315e-08,9.295973305256666e-05
4.10000012176506e-08,5.092698907560589e-05
4.120000122032089e-08,-3.313849887831566e-05
4.1400001222991175e-08,-0.00012043727483046496
4.160000122566146e-08,-0.00019844034778770947
4.180000122833175e-08,-0.0002841224797407449
4.2000001231002034e-08,-0.0003766753486900143
4.220000123367232e-08,-0.00047811975963441
4.2400001236342607e-08,-0.0005549103495923191
4.260000123901289e-08,-0.0006575672435360502
4.280000124168318e-08,-0.0007331453504946239
4.3000001244353466e-08,-0.0008511603624299369
4.320000124702375e-08,-0.0009089553853982579
4.340000124969404e-08,-0.0009853418143563886
4.3600001252364325e-08,-0.0010496034133211651
4.380000125503461e-08,-0.0011069942752897077
4.40000012577049e-08,-0.0011534727902642317
4.4200001260375184e-08,-0.001189038958244737
4.440000126304547e-08,-0.0012060137202354326
4.460000126571576e-08,-0.0012302633802221408
4.480000126838604e-08,-0.0012480464642123934
4.500000127105633e-08,-0.0012387507612174886
4.5200001273726616e-08,-0.0012492589472117288
4.54000012763969e-08,-0.0012120761352321097
4.560000127906719e-08,-0.0012246051262252422
4.5800001281737475e-08,-0.0011963138562407494
4.600000128440776e-08,-0.0011910597632436293
4.620000128707805e-08,-0.0011696392302553704
4.6400001289748334e-08,-0.0011639809762584719
4.660000129241862e-08,-0.0011324564182757513
4.680000129508891e-08,-0.0011122483682868278
4.7000001297759194e-08,-0.0010993152162939168
4.720000130042948e-08,-0.001083148776302778
4.7400001303099766e-08,-0.0010540491843187283
4.760000130577005e-08,-0.0010399035493264819
4.780000130844034e-08,-0.0010059540253450905
4.8000001311110626e-08,-0.0009800877213592685
4.820000131378091e-08,-0.0009243135033898398
4.84000013164512e-08,-0.000888343174409556
4.8600001319121485e-08,-0.0008471187524321522
4.880000132179177e-08,-0.0008026610424565206
4.900000132446206e-08,-0.0007464826634873134
4.9200001327132344e-08,-0.0006834335475218722
4.940000132980263e-08,-0.0006098762455621909
4.960000133247292e-08,-0.0005678435015852301
4.98000013351432e-08,-0.00048014056463330235
5.000000133781349e-08,-0.00041911225366675353
