保存した波形 C3
 1 列目は時間,2 列目は信号値
 
-2.52e-08,-1.8992863886069244e-05
-2.4999999997329714e-08,3.2739744085574785e-05
-2.4799999994659428e-08,8.73014790556681e-05
-2.459999999198914e-08,0.00014428818002443222
-2.4399999989318855e-08,0.00018672508500117146
-2.419999998664857e-08,0.00024128681997126478
-2.3999999983978282e-08,0.00028978613994468105
-2.3799999981307996e-08,0.0003136316389316107
-2.359999997863771e-08,0.0003722349838994887
-2.3399999975967423e-08,0.00041345940587689256
-2.3199999973297137e-08,0.00044983389585695477
-2.299999997062685e-08,0.00048014597084033994
-2.2799999967956564e-08,0.0005185412658192945
-2.2599999965286278e-08,0.0005367285108093256
-2.239999996261599e-08,0.0005840153477834065
-2.2199999959945705e-08,0.0006191773547641333
-2.199999995727542e-08,0.0006567643277435309
-2.1799999954605132e-08,0.0006789931827313467
-2.1599999951934846e-08,0.0006983929107207132
-2.139999994926456e-08,0.0007121343847131811
-2.1199999946594273e-08,0.0007287049857040984
-2.0999999943923986e-08,0.0007181967997098582
-2.07999999412537e-08,0.0006927346567238146
-2.0599999938583414e-08,0.0006806098267304606
-2.0399999935913127e-08,0.0006531268787455247
-2.019999993324284e-08,0.0006268564137599242
-1.9999999930572554e-08,0.0005755279667880586
-1.9799999927902268e-08,0.0005407701208071103
-1.9599999925231982e-08,0.0004692336238463213
-1.9399999922561695e-08,0.0004308383288673667
-1.919999991989141e-08,0.0003637476029041409
-1.8999999917221123e-08,0.0003019109699380351
-1.8799999914550836e-08,0.0002202704479827844
-1.859999991188055e-08,0.00014509650202398916
-1.8399999909210263e-08,7.800577606076331e-05
-1.8199999906539977e-08,-8.056188960381405e-07
-1.799999990386969e-08,-7.315043785638409e-05
-1.7799999901199404e-08,-0.00016327834080698267
-1.7599999898529118e-08,-0.00024128141376422718
-1.739999989585883e-08,-0.0003192844867214717
-1.7199999893188545e-08,-0.0003815252806873559
-1.699999989051826e-08,-0.0004716531836379545
-1.6799999887847972e-08,-0.0005314690116051679
-1.6599999885177686e-08,-0.0005908806785726028
-1.63999998825074e-08,-0.000653929794538044
-1.6199999879837113e-08,-0.0007060665635094665
-1.5999999877166827e-08,-0.0007755822554713632
-1.579999987449654e-08,-0.0008309523124410134
-1.5599999871826254e-08,-0.0008911723014080053
-1.5399999869155967e-08,-0.0009610921543696804
-1.519999986648568e-08,-0.001004741542345755
-1.4999999863815395e-08,-0.0010601115993154053
-1.4799999861145108e-08,-0.0010827446153029996
-1.4599999858474822e-08,-0.0011187149442832833
-1.4399999855804535e-08,-0.0011340730622748652
-1.4199999853134249e-08,-0.0011336689012750867
-1.3999999850463963e-08,-0.001130435613276859
-1.3799999847793676e-08,-0.0011183107832835049
-1.359999984512339e-08,-0.0010928486402974613
-1.3399999842453104e-08,-0.0010455618033233804
-1.3199999839782817e-08,-0.0010407118713260388
-1.299999983711253e-08,-0.0009716003403639206
-1.2799999834442244e-08,-0.0009299717573867383
-1.2599999831771958e-08,-0.0008612643874243986
-1.2399999829101672e-08,-0.0007961944664600651
-1.2199999826431385e-08,-0.0007173830715032636
-1.1999999823761099e-08,-0.0006462507355422531
-1.1799999821090812e-08,-0.0005605686035892177
-1.1599999818420526e-08,-0.0004769072766350746
-1.139999981575024e-08,-0.0003710170946931157
-1.1199999813079953e-08,-0.0002816975137420741
-1.0999999810409667e-08,-0.00017378652680122286
-1.079999980773938e-08,-7.112963285749174e-05
-1.0599999805069094e-08,2.708149008867622e-05
-1.0399999802398808e-08,0.00014145905302598294
-1.0199999799728521e-08,0.00023401192197525233
-9.999999797058235e-09,0.0003281814349236356
-9.799999794387948e-09,0.0004219467868722404
-9.599999791717662e-09,0.0005068205968257189
-9.399999789047376e-09,0.0006143274227667916
-9.19999978637709e-09,0.0006765682167326759
-8.999999783706803e-09,0.0007691210856819453
-8.799999781036517e-09,0.0008422742266418481
-8.59999977836623e-09,0.0009271480365953266
-8.399999775695944e-09,0.0009602892385771611
-8.199999773025657e-09,0.0010378881505346271
-7.999999770355371e-09,0.0010831541825098157
-7.799999767685085e-09,0.0011158912234918716
-7.599999765014798e-09,0.0011365034344805736
-7.399999762344512e-09,0.0011526698744717123
-7.199999759674225e-09,0.0011502449084730415
-6.999999757003939e-09,0.001151457391472377
-6.799999754333653e-09,0.0011199328334896563
-6.599999751663366e-09,0.0010629461325208922
-6.39999974899308e-09,0.0010241466765421592
-6.1999997463227934e-09,0.0009400811885882376
-5.999999743652507e-09,0.0008786487166219104
-5.799999740982221e-09,0.0007957957116673242
-5.599999738311934e-09,0.0007214300877080859
-5.399999735641648e-09,0.0006365562777546074
-5.1999997329713615e-09,0.0005395576378077749
-4.999999730301075e-09,0.0004417506758613854
-4.799999727630789e-09,0.00035121861191100834
-4.599999724960502e-09,0.0002372452099734801
-4.399999722290216e-09,0.0001265050960341796
-4.1999997196199295e-09,4.0014642081587226e-05
-3.999999716949643e-09,-5.7792319864802266e-05
-3.799999714279357e-09,-0.00017782813679900755
-3.5999997116090703e-09,-0.0003297926727157119
-3.399999708938784e-09,-0.0004635699636423851
-3.1999997062684975e-09,-0.0006086637625628555
-2.999999703598211e-09,-0.0007367827994926301
-2.7999997009279248e-09,-0.0008568186164268354
-2.5999996982576384e-09,-0.0009699836963648067
-2.399999695587352e-09,-0.0011142691732857202
-2.1999996929170656e-09,-0.001277954378196
-1.999999690246779e-09,-0.001482055683084127
-1.7999996875764928e-09,-0.0016505908199917485
-1.5999996849062064e-09,-0.0017956846189122189
-1.39999968223592e-09,-0.001918953723844652
-1.1999996795656336e-09,-0.00198806525480677
-9.999996768953472e-10,-0.0020660683277640146
-7.999996742250608e-10,-0.0020927429537493936
-5.999996715547744e-10,-0.0020515185317719897
-3.9999966888448805e-10,-0.0019460325108298093
-1.9999966621420166e-10,-0.001806192804906459
3.3645608473285843e-16,-0.0016651406159837734
2.0000033912637112e-10,-0.0015539963410446944
4.000003417966575e-10,-0.001532171647056657
6.000003444669439e-10,-0.0015220676220621954
8.000003471372303e-10,-0.0015495505700471313
1.0000003498075167e-09,-0.001590774992024535
1.200000352477803e-09,-0.0017152565799563035
1.4000003551480895e-09,-0.0018546921248798753
1.6000003578183759e-09,-0.001969878009816739
1.8000003604886623e-09,-0.0020874888607522735
2.0000003631589487e-09,-0.0021877207886973338
2.200000365829235e-09,-0.0022709779546516984
2.4000003684995214e-09,-0.0022794653356470462
2.600000371169808e-09,-0.0022443033286663194
2.8000003738400942e-09,-0.0021529629427163854
3.0000003765103806e-09,-0.0019209745288435442
3.200000379180667e-09,-0.0016255328380054834
3.4000003818509534e-09,-0.0012153094232303374
3.6000003845212398e-09,-0.0007893237294638311
3.800000387191526e-09,-0.0003204969697208071
4.0000003898618126e-09,0.00011276362204171164
4.200000392532099e-09,0.0005702738737909385
4.400000395202385e-09,0.000948164408583807
4.600000397872672e-09,0.0012492643534187664
4.800000400542958e-09,0.001410928753330154
5.0000004032132445e-09,0.0014210327783246157
5.200000405883531e-09,0.0013353506463715803
5.400000408553817e-09,0.0012363312014258554
5.600000411224104e-09,0.0011502449084730415
5.80000041389439e-09,0.0011243786044872195
6.0000004165646765e-09,0.0010900249195060496
6.200000419234963e-09,0.0010249549985417161
6.400000421905249e-09,0.0009271480365953266
6.600000424575536e-09,0.0008236828206520386
6.800000427245822e-09,0.0007658877976837175
7.0000004299161085e-09,0.0008054955756620075
7.200000432586395e-09,0.0008669280476283348
7.400000435256681e-09,0.000929168841594219
7.600000437926968e-09,0.0009643308485749458
7.800000440597254e-09,0.0009477602475840285
8.00000044326754e-09,0.0009150232066019726
8.200000445937827e-09,0.0008810736826205812
8.400000448608113e-09,0.0008624822766307716
8.6000004512784e-09,0.0008588448276327654
8.800000453948686e-09,0.0008487408026383036
9.000000456618972e-09,0.0008564198616340946
9.200000459289259e-09,0.0008669280476283348
9.400000461959545e-09,0.0008980484446112769
9.600000464629832e-09,0.00098170977156542
9.800000467300118e-09,0.0010892165975064927
1.0000000469970404e-08,0.0012355228794262985
1.020000047264069e-08,0.0014319451253186344
1.0400000475310977e-08,0.0015883554322329019
1.0600000477981264e-08,0.0016611044121930263
1.080000048065155e-08,0.001683333267180842
1.1000000483321836e-08,0.0016113926092202746
1.1200000485992123e-08,0.0014638738443011334
1.1400000488662409e-08,0.0012864471653983856
1.1600000491332695e-08,0.0010823458605102587
1.1800000494002982e-08,0.0008503574466374175
1.2000000496673268e-08,0.0006228148037621395
1.2200000499343555e-08,0.0004308383288673667
1.2400000502013841e-08,0.0003071650629351552
1.2600000504684127e-08,0.000264728157958416
1.2800000507354414e-08,0.00024047849797170784
1.30000005100247e-08,0.0002618990309599667
1.3200000512694987e-08,0.0002893819789449026
1.3400000515365273e-08,0.0003245439859256294
1.360000051803556e-08,0.0004106302788784433
1.3800000520705846e-08,0.0005383451548084395
1.4000000523376132e-08,0.000668080835737328
1.4200000526046419e-08,0.0008410617436425127
1.4400000528716705e-08,0.000988580508561654
1.4600000531386991e-08,0.0011373117564801305
1.4800000534057278e-08,0.0012682599204083544
1.5000000536727564e-08,0.0014226494223237296
1.520000053939785e-08,0.0015503642982537258
1.5400000542068137e-08,0.0016869707161788483
1.5600000544738423e-08,0.0017682070771343206
1.580000054740871e-08,0.001834893642097768
1.6000000550078996e-08,0.0018373186080964388
1.6200000552749282e-08,0.001841764379094002
1.640000055541957e-08,0.001821960490104857
1.6600000558089855e-08,0.0017904359321221364
1.6800000560760142e-08,0.001767802916134542
1.7000000563430428e-08,0.001703137156169987
1.7200000566100714e-08,0.0016473629382005583
1.7400000568771e-08,0.0015491518152543904
1.7600000571441287e-08,0.0014549823023060071
1.7800000574111574e-08,0.0013794041953474334
1.800000057678186e-08,0.0013579836623591746
1.8200000579452146e-08,0.0014060788213328124
1.8400000582122433e-08,0.0015305604092645808
1.860000058479272e-08,0.0016881831991781837
1.8800000587463006e-08,0.001907238461058114
1.9000000590133292e-08,0.002133972781933835
1.920000059280358e-08,0.002359090458810442
1.9400000595473865e-08,0.0025462170017078734
1.960000059814415e-08,0.0027341518666048614
1.9800000600814438e-08,0.0028618667425348576
2.0000000603484724e-08,0.002959673704481247
2.020000060615501e-08,0.0030356559724395993
2.0400000608825297e-08,0.003054247378429409
2.0600000611495583e-08,0.0030324226844413715
2.080000061416587e-08,0.0030150437614508974
2.1000000616836156e-08,0.002939869815492102
2.1200000619506442e-08,0.002825088091555017
2.140000062217673e-08,0.002674336038637648
2.1600000624847015e-08,0.0024896344617388877
2.18000006275173e-08,0.002281491546852976
2.2000000630187588e-08,0.0020224243459949776
2.2200000632857874e-08,0.001748807349144954
2.240000063552816e-08,0.0014545781413062286
2.2600000638198447e-08,0.0011433741714768075
2.2800000640868733e-08,0.0008640989206298855
2.300000064353902e-08,0.0005856319917825203
2.3200000646209306e-08,0.00032737311292407867
2.3400000648879593e-08,9.659718205057288e-05
2.360000065154988e-08,-0.00012609552882736352
2.3800000654220165e-08,-0.00033828005371105974
2.4000000656890452e-08,-0.0004898404286279856
2.4200000659560738e-08,-0.0006345300665486775
2.4400000662231025e-08,-0.0007291037404968392
2.460000066490131e-08,-0.0007917486954625019
2.4800000667571597e-08,-0.000829739829441678
2.5000000670241884e-08,-0.0008677309634208541
