保存した波形 C3
 1 列目は時間,2 列目は信号値
 
-2.52e-08,0.0005920985677789758
-2.4999999997329714e-08,0.0006624225817404295
-2.4799999994659428e-08,0.0007177926387100797
-2.459999999198914e-08,0.0007877124916717548
-2.4399999989318855e-08,0.0008325743626471649
-2.419999998664857e-08,0.0008709696576261194
-2.3999999983978282e-08,0.0009299771635937759
-2.3799999981307996e-08,0.0009518018575818132
-2.359999997863771e-08,0.0009901971525607678
-2.3399999975967423e-08,0.00103182573553795
-2.3199999973297137e-08,0.001066987742518677
-2.299999997062685e-08,0.0010900249195060496
-2.2799999967956564e-08,0.0011069996814967453
-2.2599999965286278e-08,0.0011017455884996252
-2.239999996261599e-08,0.0011162953844916501
-2.2199999959945705e-08,0.001103362232498739
-2.199999995727542e-08,0.0010968956565022836
-2.1799999954605132e-08,0.001085174987508708
-2.1599999951934846e-08,0.0010742626405146893
-2.139999994926456e-08,0.0010613294885217783
-2.1199999946594273e-08,0.001039504794533741
-2.0999999943923986e-08,0.0010071719145514635
-2.07999999412537e-08,0.0009889846695614324
-2.0599999938583414e-08,0.0009513976965820348
-2.0399999935913127e-08,0.0008915818686148214
-2.019999993324284e-08,0.0008495491246378606
-1.9999999930572554e-08,0.0008010498046644443
-1.9799999927902268e-08,0.000739617332698117
-1.9599999925231982e-08,0.0006834389537289098
-1.9399999922561695e-08,0.0005989693047752098
-1.919999991989141e-08,0.0005262203248150854
-1.8999999917221123e-08,0.0004558963108536318
-1.8799999914550836e-08,0.00037991404289527964
-1.859999991188055e-08,0.00027038641195531454
-1.8399999909210263e-08,0.00018470428000227912
-1.8199999906539977e-08,0.00012125100303705949
-1.799999990386969e-08,2.8698134087790095e-05
-1.7799999901199404e-08,-4.768829487034054e-05
-1.7599999898529118e-08,-0.00012569136782758505
-1.739999989585883e-08,-0.0001822739077965707
-1.7199999893188545e-08,-0.00025704369275558747
-1.699999989051826e-08,-0.00032090113072058557
-1.6799999887847972e-08,-0.0003504048837044138
-1.6599999885177686e-08,-0.0004001166866771655
-1.63999998825074e-08,-0.00044093694765479086
-1.6199999879837113e-08,-0.00046559076864127746
-1.5999999877166827e-08,-0.0004938820386257703
-1.579999987449654e-08,-0.0005342981386036172
-1.5599999871826254e-08,-0.000563397730587667
-1.5399999869155967e-08,-0.0005908806785726028
-1.519999986648568e-08,-0.0006292759735515574
-1.4999999863815395e-08,-0.0006571630825362718
-1.4799999861145108e-08,-0.0006567589215364933
-1.4599999858474822e-08,-0.0006894959625185493
-1.4399999855804535e-08,-0.0007161705885039282
-1.4199999853134249e-08,-0.0007331453504946239
-1.3999999850463963e-08,-0.000745270180487978
-1.3799999847793676e-08,-0.0007307203844959531
-1.359999984512339e-08,-0.0007359744774930732
-1.3399999842453104e-08,-0.0007161705885039282
-1.3199999839782817e-08,-0.0007278912574975038
-1.299999983711253e-08,-0.0007226371645003837
-1.2799999834442244e-08,-0.000692729250516777
-1.2599999831771958e-08,-0.0006591838875351641
-1.2399999829101672e-08,-0.0006458465745424746
-1.2199999826431385e-08,-0.000609067923562634
-1.1999999823761099e-08,-0.0005646102135870024
-1.1799999821090812e-08,-0.0005096443176171306
-1.1599999818420526e-08,-0.0004639741246421636
-1.139999981575024e-08,-0.0004288121176614368
-1.1199999813079953e-08,-0.00035363817170264156
-1.0999999810409667e-08,-0.0003116054277256808
-1.079999980773938e-08,-0.0002760392597451755
-1.0599999805069094e-08,-0.00022875242277109464
-1.0399999802398808e-08,-0.00018146558579701377
-1.0199999799728521e-08,-0.00016610746780543195
-9.999999797058235e-09,-0.00013215794382404056
-9.799999794387948e-09,-0.00011437485983378792
-9.599999791717662e-09,-0.00010022922484154151
-9.399999789047376e-09,-8.042533585239653e-05
-9.19999978637709e-09,-7.355459885616256e-05
-8.999999783706803e-09,-4.000923587454963e-05
-8.799999781036517e-09,-2.7480244881417093e-05
-8.59999977836623e-09,-1.293044888939221e-05
-8.399999775695944e-09,1.536082109510062e-05
-8.199999773025657e-09,2.1827397091556122e-05
-7.999999770355371e-09,3.031477808690397e-05
-7.799999767685085e-09,4.4056252079371916e-05
-7.599999765014798e-09,5.820188707161833e-05
-7.399999762344512e-09,6.588094606740924e-05
-7.199999759674225e-09,6.50726240678523e-05
-6.999999757003939e-09,5.375611607405517e-05
-6.799999754333653e-09,5.698940407228292e-05
-6.599999751663366e-09,4.8097862077156606e-05
-6.39999974899308e-09,4.0822964081144164e-05
-6.1999997463227934e-09,3.152726108623938e-05
-5.999999743652507e-09,-3.2305848947089544e-06
-5.799999740982221e-09,-3.0309371879866376e-05
-5.599999738311934e-09,-5.0517421868789825e-05
-5.399999735641648e-09,-4.445500687211279e-05
-5.1999997329713615e-09,-3.152185487920178e-05
-4.999999730301075e-09,-2.2630312884075465e-05
-4.799999727630789e-09,-6.547137886059318e-05
-4.599999724960502e-09,-0.00014549525681673003
-4.399999722290216e-09,-0.00021541510977840517
-4.1999997196199295e-09,-0.00025866033675470135
-3.999999716949643e-09,-0.00021460678777884823
-3.799999714279357e-09,-0.00017378652680122286
-3.5999997116090703e-09,-0.0002202650417757468
-3.399999708938784e-09,-0.00034312998570840136
-3.1999997062684975e-09,-0.0005011569366217827
-2.999999703598211e-09,-0.0006070471185637416
-2.7999997009279248e-09,-0.0006232135585548804
-2.5999996982576384e-09,-0.0005807766535781411
-2.399999695587352e-09,-0.0005726934335825717
-2.1999996929170656e-09,-0.0006163428215586464
-1.999999690246779e-09,-0.000718595554502599
-1.7999996875764928e-09,-0.0008414604984352536
-1.5999996849062064e-09,-0.0009154219613947134
-1.39999968223592e-09,-0.0009061262583998086
-1.1999996795656336e-09,-0.0009008721654026886
-9.999996768953472e-10,-0.0008418646594350321
-7.999996742250608e-10,-0.0008552019724277216
-5.999996715547744e-10,-0.0008766225054159804
-3.9999966888448805e-10,-0.0009085512243984795
-1.9999966621420166e-10,-0.0009016804874022455
3.3645608473285843e-16,-0.0008450979474332598
2.0000033912637112e-10,-0.0007674990354757938
4.000003417966575e-10,-0.0007080873685083588
6.000003444669439e-10,-0.0006454424135426962
8.000003471372303e-10,-0.0005718851115830148
1.0000003498075167e-09,-0.0004882237846288717
1.200000352477803e-09,-0.00044214943065412626
1.4000003551480895e-09,-0.0004142623216694119
1.6000003578183759e-09,-0.0004271954736623229
1.8000003604886623e-09,-0.0003657630016959956
2.0000003631589487e-09,-0.0003156470377234655
2.200000365829235e-09,-0.0002057152457837219
2.4000003684995214e-09,-0.00016085337480831186
2.600000371169808e-09,-0.00017014907780321664
2.8000003738400942e-09,-0.0002057152457837219
3.0000003765103806e-09,-0.00022592329577264536
3.200000379180667e-09,-0.00021662759277774057
3.4000003818509534e-09,-0.00016206585780764726
3.6000003845212398e-09,-0.00014630357881628697
3.800000387191526e-09,-0.0001341787488229329
4.0000003898618126e-09,-0.00016610746780543195
4.200000392532099e-09,-0.00013741203682116065
4.400000395202385e-09,-0.00011356653783423099
4.600000397872672e-09,-6.830050585904246e-05
4.800000400542958e-09,-4.56674898714482e-05
5.0000004032132445e-09,-4.526332887166973e-05
5.200000405883531e-09,-4.038906894265892e-06
5.400000408553817e-09,7.234752206386474e-05
5.600000411224104e-09,0.00014307569702509682
5.80000041389439e-09,0.00021137890598765807
6.0000004165646765e-09,0.0002473492349679418
6.200000419234963e-09,0.00025583661596328966
6.400000421905249e-09,0.00028574452994689636
6.600000424575536e-09,0.00031443996093116766
6.800000427245822e-09,0.0003867847798915136
7.0000004299161085e-09,0.0004102261178786648
7.200000432586395e-09,0.00044377148086027773
7.400000435256681e-09,0.0004272008798693605
7.600000437926968e-09,0.00039931377088464615
7.800000440597254e-09,0.000375064110897938
8.00000044326754e-09,0.0003479853239127806
8.200000445937827e-09,0.0003257564689249648
8.400000448608113e-09,0.0003217148589271801
8.6000004512784e-09,0.0002946360719420227
8.800000453948686e-09,0.00024330762497015712
9.000000456618972e-09,0.00020369984699186716
9.200000459289259e-09,0.00016692119601202648
9.400000461959545e-09,0.00012125100303705949
9.600000464629832e-09,9.255557205278819e-05
9.800000467300118e-09,2.4656524090005405e-05
1.0000000469970404e-08,6.87344009975277e-06
1.020000047264069e-08,-3.1117693879423314e-05
1.0400000475310977e-08,-4.849661686989748e-05
1.0600000477981264e-08,-5.132574386834676e-05
1.080000048065155e-08,-5.698399786524533e-05
1.1000000483321836e-08,-6.91088278585994e-05
1.1200000485992123e-08,-8.72960728486305e-05
1.1400000488662409e-08,-0.00012811633382625587
1.1600000491332695e-08,-0.00014226196881850228
1.1800000494002982e-08,-0.00010750412283755395
1.2000000496673268e-08,-2.505527888274628e-05
1.2200000499343555e-08,3.354806608513172e-05
1.2400000502013841e-08,9.053476705389585e-05
1.2600000504684127e-08,9.780966504990829e-05
1.2800000507354414e-08,0.00010104295304813604
1.30000005100247e-08,0.00015156307802044466
1.3200000512694987e-08,0.0002057206519907595
1.3400000515365273e-08,0.0003006984869386997
1.360000051803556e-08,0.0003520269339105653
1.3800000520705846e-08,0.0004272008798693605
1.4000000523376132e-08,0.0004575129548527457
1.4200000526046419e-08,0.0004950999278321433
1.4400000528716705e-08,0.0005056081138263835
1.4600000531386991e-08,0.0005355160278099902
1.4800000534057278e-08,0.0005819945427845141
1.5000000536727564e-08,0.0006543393617448601
1.520000053939785e-08,0.0007287049857040984
1.5400000542068137e-08,0.0007776084666772931
1.5600000544738423e-08,0.0007917541016695395
1.580000054740871e-08,0.0007351715617005539
1.6000000550078996e-08,0.0007072844527158395
1.6200000552749282e-08,0.0007004137157196055
1.640000055541957e-08,0.0007614420266861543
1.6600000558089855e-08,0.0008192370496544754
1.6800000560760142e-08,0.0008604614716318792
1.7000000563430428e-08,0.0008430825486414051
1.7200000566100714e-08,0.0008046872536624505
1.7400000568771e-08,0.0007569962556885912
1.7600000571441287e-08,0.0007440631036956802
1.7800000574111574e-08,0.0007565920946888127
1.800000057678186e-08,0.0007820542376748563
1.8200000579452146e-08,0.000791349940669761
1.8400000582122433e-08,0.0007873083306719764
1.860000058479272e-08,0.0007545712896899204
1.8800000587463006e-08,0.0007165801557107443
1.9000000590133292e-08,0.0006656558697386572
1.920000059280358e-08,0.0006369604387543859
1.9400000595473865e-08,0.0006369604387543859
1.960000059814415e-08,0.0006147315837665701
1.9800000600814438e-08,0.000602606753773216
2.0000000603484724e-08,0.00056461561979404
2.020000060615501e-08,0.0005116705288230605
2.0400000608825297e-08,0.00045912959885185955
2.0600000611495583e-08,0.00042518007487046816
2.080000061416587e-08,0.0003985054488850892
2.1000000616836156e-08,0.00040860947387955093
2.1200000619506442e-08,0.000387997262890849
2.140000062217673e-08,0.00036536424690325475
2.1600000624847015e-08,0.00032494814692540785
2.18000006275173e-08,0.00029140278394379493
2.2000000630187588e-08,0.0002606865479606313
2.2200000632857874e-08,0.0002554324549635112
2.240000063552816e-08,0.0002372452099734801
2.2600000638198447e-08,0.00021582467698522123
2.2800000640868733e-08,0.0001693461620106973
2.300000064353902e-08,0.00019763743199519013
2.3200000646209306e-08,0.00017823770400582362
2.3400000648879593e-08,0.00020127488099319635
2.360000065154988e-08,0.00016975032301047577
2.3800000654220165e-08,0.00012731341803373653
2.4000000656890452e-08,0.00010063879204835757
2.4200000659560738e-08,8.406819105744034e-05
2.4400000662231025e-08,6.466846306807383e-05
2.460000066490131e-08,6.790175106630159e-05
2.4800000667571597e-08,6.871007306585852e-05
2.5000000670241884e-08,3.758967608291641e-05
