保存した波形 C3
 1 列目は時間,2 列目は信号値
 
-2.52e-08,0.0012298646254294
-2.4999999997329714e-08,0.0012654307934099052
-2.4799999994659428e-08,0.0012933179023946195
-2.459999999198914e-08,0.001286851326398164
-2.4399999989318855e-08,0.001253305963416551
-2.419999998664857e-08,0.0011845985934542114
-2.3999999983978282e-08,0.0011223577994883271
-2.3799999981307996e-08,0.0010294007695392793
-2.359999997863771e-08,0.0009376562225895668
-2.3399999975967423e-08,0.0008713738186258979
-2.3199999973297137e-08,0.0007768001446777362
-2.299999997062685e-08,0.0006951596227224854
-2.2799999967956564e-08,0.0006313021847574873
-2.2599999965286278e-08,0.0005654239417935969
-2.239999996261599e-08,0.0005306660958126486
-2.2199999959945705e-08,0.0005007581818290419
-2.199999995727542e-08,0.0004627670478498658
-2.1799999954605132e-08,0.0004324549728664806
-2.1599999951934846e-08,0.00038880558489040595
-2.139999994926456e-08,0.00037991404289527964
-2.1199999946594273e-08,0.0003229273419265155
-2.0999999943923986e-08,0.0002817029199491117
-2.07999999412537e-08,0.00022835366797835377
-2.0599999938583414e-08,0.00017096280600981117
-2.0399999935913127e-08,9.498053805145901e-05
-2.019999993324284e-08,3.152726108623938e-05
-1.9999999930572554e-08,-6.223809086236542e-05
-1.9799999927902268e-08,-0.00014145364681894534
-1.9599999925231982e-08,-0.0001992486697872664
-1.9399999922561695e-08,-0.00026916852274894154
-1.919999991989141e-08,-0.00032009280872102863
-1.8999999917221123e-08,-0.00038354608568624826
-1.8799999914550836e-08,-0.00040294581367561477
-1.859999991188055e-08,-0.00042800379566187985
-1.8399999909210263e-08,-0.0004469993626514679
-1.8199999906539977e-08,-0.00047731143763485306
-1.799999990386969e-08,-0.00046963237863906215
-1.7799999901199404e-08,-0.0005051985466195674
-1.7599999898529118e-08,-0.0004995402926226689
-1.739999989585883e-08,-0.0005456146465974143
-1.7199999893188545e-08,-0.0005541020275927622
-1.699999989051826e-08,-0.000575522560581021
-1.6799999887847972e-08,-0.000609067923562634
-1.6599999885177686e-08,-0.0006260426855533296
-1.63999998825074e-08,-0.000647867379541367
-1.6199999879837113e-08,-0.0006741378445269675
-1.5999999877166827e-08,-0.0006644379805322842
-1.579999987449654e-08,-0.0006721170395280751
-1.5599999871826254e-08,-0.0006438257695435823
-1.5399999869155967e-08,-0.0006422091255444684
-1.519999986648568e-08,-0.0006066429575639631
-1.4999999863815395e-08,-0.0005888598735737105
-1.4799999861145108e-08,-0.0005286398846067186
-1.4599999858474822e-08,-0.0005043902246200105
-1.4399999855804535e-08,-0.0004328537276592215
-1.4199999853134249e-08,-0.00036010474769909706
-1.3999999850463963e-08,-0.0002918015387365358
-1.3799999847793676e-08,-0.00019641954278881713
-1.359999984512339e-08,-0.00011033324983600323
-1.3399999842453104e-08,8.894245098645115e-06
-1.3199999839782817e-08,0.00011963435903794561
-1.299999983711253e-08,0.00021905796498344898
-1.2799999834442244e-08,0.00031848157092895235
-1.2599999831771958e-08,0.0004106302788784433
-1.2399999829101672e-08,0.00048661254683679545
-1.2199999826431385e-08,0.0005351118668102117
-1.1999999823761099e-08,0.0005464283748040089
-1.1799999821090812e-08,0.000531070256812427
-1.1599999818420526e-08,0.0005157121388208452
-1.139999981575024e-08,0.000446600607858727
-1.1199999813079953e-08,0.00039123055088907677
-1.0999999810409667e-08,0.00030554841893604134
-1.079999980773938e-08,0.0002489658789670557
-1.0599999805069094e-08,0.00016570871301269108
-1.0399999802398808e-08,9.983047004880063e-05
-1.0199999799728521e-08,5.6181082072725985e-05
-9.999999797058235e-09,4.044313101303487e-06
-9.799999794387948e-09,-1.7780380886733838e-05
-9.599999791717662e-09,-4.930493886945442e-05
-9.399999789047376e-09,-7.153379385727021e-05
-9.19999978637709e-09,-7.395875985594103e-05
-8.999999783706803e-09,-9.012519984707978e-05
-8.799999781036517e-09,-9.295432684552907e-05
-8.59999977836623e-09,-0.0001159915038329018
-8.399999775695944e-09,-0.00013215794382404056
-8.199999773025657e-09,-0.0001640866628065396
-7.999999770355371e-09,-0.0001758073318001152
-7.799999767685085e-09,-0.0002267316177722023
-7.599999765014798e-09,-0.0002647227517513784
-7.399999762344512e-09,-0.0003322176387143827
-7.199999759674225e-09,-0.0003989042036778301
-6.999999757003939e-09,-0.00043972446465545545
-6.799999754333653e-09,-0.0005112609616162445
-6.599999751663366e-09,-0.0005678435015852301
-6.39999974899308e-09,-0.000622001075555545
-6.1999997463227934e-09,-0.0006765628105256383
-5.999999743652507e-09,-0.0007485034684862057
-5.799999740982221e-09,-0.0008212524484463302
-5.599999738311934e-09,-0.0009053179364002517
-5.399999735641648e-09,-0.0009194635713924981
-5.1999997329713615e-09,-0.0008960222334053469
-4.999999730301075e-09,-0.000882280759412879
-4.799999727630789e-09,-0.000927142630388289
-4.599999724960502e-09,-0.0010447534813238235
-4.399999722290216e-09,-0.0011595352052609087
-4.1999997196199295e-09,-0.0012161177452298944
-3.999999716949643e-09,-0.0011482186972671116
-3.799999714279357e-09,-0.00105889911631607
-3.5999997116090703e-09,-0.0011170983002841695
-3.399999708938784e-09,-0.0012759335731971078
-3.1999997062684975e-09,-0.0014384062951080523
-2.999999703598211e-09,-0.001499434606074601
-2.7999997009279248e-09,-0.001430323075112483
-2.5999996982576384e-09,-0.0012819959881937848
-2.399999695587352e-09,-0.0011272023252786312
-2.1999996929170656e-09,-0.0010318203293309125
-1.999999690246779e-09,-0.0009433090703794278
-1.7999996875764928e-09,-0.0008499478794306015
-1.5999996849062064e-09,-0.0007812405094682617
-1.39999968223592e-09,-0.0006858585135205431
-1.1999996795656336e-09,-0.0005642060525872239
-9.999996768953472e-10,-0.0003924376276813746
-7.999996742250608e-10,-0.00016610746780543195
-5.999996715547744e-10,-1.4547092888506086e-05
-3.9999966888448805e-10,4.284376908003651e-05
-1.9999966621420166e-10,7.03267170649724e-05
3.3645608473285843e-16,0.00010387208004658532
2.0000033912637112e-10,0.00015156307802044466
4.000003417966575e-10,0.00021420803298610736
6.000003444669439e-10,0.0002526033279650619
8.000003471372303e-10,0.0002817029199491117
1.0000003498075167e-09,0.0002853403689471179
1.200000352477803e-09,0.00027281137795398536
1.4000003551480895e-09,0.00023603272697414468
1.6000003578183759e-09,0.0001717711280093681
1.8000003604886623e-09,9.861798704946523e-05
2.0000003631589487e-09,0.00011963435903794561
2.200000365829235e-09,0.00022309957498123367
2.4000003684995214e-09,0.00028574452994689636
2.600000371169808e-09,0.00027442802195309923
2.8000003738400942e-09,0.00021016642298832267
3.0000003765103806e-09,0.00013135502803152121
3.200000379180667e-09,0.0001834917970029437
3.4000003818509534e-09,0.0002853403689471179
3.6000003845212398e-09,0.00037344746689882413
3.800000387191526e-09,0.00035606854390834997
4.0000003898618126e-09,0.0003063567409355983
4.200000392532099e-09,0.0002542199719641758
4.400000395202385e-09,0.0002930194279429088
4.600000397872672e-09,0.00029099862294401646
4.800000400542958e-09,0.00022633286297946142
5.0000004032132445e-09,8.649315705611116e-05
5.200000405883531e-09,-6.587553986037165e-05
5.400000408553817e-09,-0.00015034518881407166
5.600000411224104e-09,-0.00016974491680343817
5.80000041389439e-09,-0.00022390249077375302
6.0000004165646765e-09,-0.0003063513347285607
6.200000419234963e-09,-0.00043325788865899995
6.400000421905249e-09,-0.0005383397486014019
6.600000424575536e-09,-0.000601388864566843
6.800000427245822e-09,-0.0006563547605367148
7.0000004299161085e-09,-0.0006911126065176632
7.200000432586395e-09,-0.0007189997155023775
7.400000435256681e-09,-0.000732337028495067
7.600000437926968e-09,-0.0007291037404968392
7.800000440597254e-09,-0.00072627461349839
8.00000044326754e-09,-0.0006903042845181062
8.200000445937827e-09,-0.0006753503275263029
8.400000448608113e-09,-0.0006486757015409239
8.6000004512784e-09,-0.0006102804065619694
8.800000453948686e-09,-0.0005456146465974143
9.000000456618972e-09,-0.0004793322426337454
9.200000459289259e-09,-0.0004106248726714057
9.400000461959545e-09,-0.0003685921286944449
9.600000464629832e-09,-0.0003217094527201425
9.800000467300118e-09,-0.0002812933527422956
1.0000000469970404e-08,-0.00022632745677242383
1.020000047264069e-08,-0.00019480289878970325
1.0400000475310977e-08,-0.0001301371388251482
1.0600000477981264e-08,-5.0517421868789825e-05
1.080000048065155e-08,9.659718205057288e-05
1.1000000483321836e-08,0.00020006239799386094
1.1200000485992123e-08,0.0002602823869608528
1.1400000488662409e-08,0.00027442802195309923
1.1600000491332695e-08,0.0002784696319508839
1.1800000494002982e-08,0.0003544518999092361
1.2000000496673268e-08,0.0005161162998206237
1.2200000499343555e-08,0.0006664641917382141
1.2400000502013841e-08,0.0007388090106985601
1.2600000504684127e-08,0.0007477005526936864
1.2800000507354414e-08,0.0007432547816961232
1.30000005100247e-08,0.000740425654697674
1.3200000512694987e-08,0.0007658877976837175
1.3400000515365273e-08,0.000837828455644285
1.360000051803556e-08,0.0009000692496101692
1.3800000520705846e-08,0.0009752431955689644
1.4000000523376132e-08,0.0010358673455357348
1.4200000526046419e-08,0.0010649669375197846
1.4400000528716705e-08,0.0010690085475175692
1.4600000531386991e-08,0.0010500129805279812
1.4800000534057278e-08,0.0010548629125253228
1.5000000536727564e-08,0.0011304410194838965
1.520000053939785e-08,0.0012508809974178803
1.5400000542068137e-08,0.001313525952383543
1.5600000544738423e-08,0.0013276715873757894
1.580000054740871e-08,0.0012642183104105698
1.6000000550078996e-08,0.0011797486614568697
1.6200000552749282e-08,0.0011158912234918716
1.640000055541957e-08,0.0011053830374976314
1.6600000558089855e-08,0.001149840747473263
1.6800000560760142e-08,0.0011748987294595281
1.7000000563430428e-08,0.0011348867904814597
1.7200000566100714e-08,0.0010132343295481405
1.7400000568771e-08,0.0008515699296367529
1.7600000571441287e-08,0.0007177926387100797
1.7800000574111574e-08,0.0006070525247707792
1.800000057678186e-08,0.0005290494518135347
1.8200000579452146e-08,0.0004890375128354663
1.8400000582122433e-08,0.0004377090658636007
1.860000058479272e-08,0.00034838948491255906
1.8800000587463006e-08,0.00025624077696306813
1.9000000590133292e-08,0.00023279943897591693
1.920000059280358e-08,0.00017823770400582362
1.9400000595473865e-08,0.0001798543480049375
1.960000059814415e-08,0.00019076669499895615
1.9800000600814438e-08,0.00021865380398367051
2.0000000603484724e-08,0.0002473492349679418
2.020000060615501e-08,0.000257857420962182
2.0400000608825297e-08,0.000290594461944238
2.0600000611495583e-08,0.00028574452994689636
2.080000061416587e-08,0.00029140278394379493
2.1000000616836156e-08,0.00029908184293958584
2.1200000619506442e-08,0.00029908184293958584
2.140000062217673e-08,0.000296656876940915
2.1600000624847015e-08,0.00027442802195309923
2.18000006275173e-08,0.0002465409129683849
2.2000000630187588e-08,0.00019440414399696238
2.2200000632857874e-08,0.00015964629801601404
2.240000063552816e-08,9.417221605190207e-05
2.2600000638198447e-08,3.071893908668244e-05
2.2800000640868733e-08,-2.1821990884518527e-05
2.300000064353902e-08,-7.759620885394725e-05
2.3200000646209306e-08,-8.446694585018122e-05
2.3400000648879593e-08,-0.0001107374108357817
2.360000065154988e-08,-9.537929284419988e-05
2.3800000654220165e-08,-0.00012973297782536974
2.4000000656890452e-08,-0.00014145364681894534
2.4200000659560738e-08,-0.00015721592581030563
2.4400000662231025e-08,-0.00012003311383068649
2.460000066490131e-08,-9.174184384619366e-05
2.4800000667571597e-08,-3.0309371879866376e-05
2.5000000670241884e-08,-1.9397024885847713e-05
