保存した波形 C3
 1 列目は時間,2 列目は信号値
 
-2.52e-08,-0.0002816975137420741
-2.4999999997329714e-08,-0.00023400651576821474
-2.4799999994659428e-08,-0.00019116544979169703
-2.459999999198914e-08,-0.00013054129982492668
-2.4399999989318855e-08,-9.295432684552907e-05
-2.419999998664857e-08,-2.6267761882081686e-05
-2.3999999983978282e-08,2.8293973088011626e-05
-2.3799999981307996e-08,0.00010872201204392695
-2.359999997863771e-08,0.00016449623001335567
-2.3399999975967423e-08,0.0002291619899779107
-2.3199999973297137e-08,0.0003083775459344906
-2.299999997062685e-08,0.00037708491589683035
-2.2799999967956564e-08,0.00044457980285983467
-2.2599999965286278e-08,0.0005104580458237251
-2.239999996261599e-08,0.0005852278307827419
-2.2199999959945705e-08,0.0006515102347464108
-2.199999995727542e-08,0.0007299174687034338
-2.1799999954605132e-08,0.0008127704736580199
-2.1599999951934846e-08,0.0008754154286236826
-2.139999994926456e-08,0.0009303813245935544
-2.1199999946594273e-08,0.0009966637285572233
-2.0999999943923986e-08,0.0010427380825319688
-2.07999999412537e-08,0.0011017455884996252
-2.0599999938583414e-08,0.001136099273480795
-2.0399999935913127e-08,0.0011647947044650664
-2.019999993324284e-08,0.0012068274484420272
-1.9999999930572554e-08,0.0012262271764313937
-1.9799999927902268e-08,0.001235927040426077
-1.9599999925231982e-08,0.0012460310654205387
-1.9399999922561695e-08,0.0012508809974178803
-1.919999991989141e-08,0.0012460310654205387
-1.8999999917221123e-08,0.0012387561674245262
-1.8799999914550836e-08,0.0012262271764313937
-1.859999991188055e-08,0.0012064232874422487
-1.8399999909210263e-08,0.0011785361784575343
-1.8199999906539977e-08,0.0011340784684819027
-1.799999990386969e-08,0.001079920894511588
-1.7799999901199404e-08,0.0010508213025275381
-1.7599999898529118e-08,0.0009978762115565587
-1.739999989585883e-08,0.0009461436035849147
-1.7199999893188545e-08,0.0008960276396123845
-1.699999989051826e-08,0.0008374242946445065
-1.6799999887847972e-08,0.0007610378656863759
-1.6599999885177686e-08,0.0007020303597187194
-1.63999998825074e-08,0.0006183690327645763
-1.6199999879837113e-08,0.0005524907898006859
-1.5999999877166827e-08,0.0004716585898449921
-1.579999987449654e-08,0.00039931377088464615
-1.5599999871826254e-08,0.0003188857319287308
-1.5399999869155967e-08,0.00024128681997126478
-1.519999986648568e-08,0.00017257945000892505
-1.4999999863815395e-08,8.972644505433891e-05
-1.4799999861145108e-08,1.3340016096208274e-05
-1.4599999858474822e-08,-4.6071650871226666e-05
-1.4399999855804535e-08,-0.00012084143583024343
-1.4199999853134249e-08,-0.0001863155177943554
-1.3999999850463963e-08,-0.0002449188627622334
-1.3799999847793676e-08,-0.000302309724730776
-1.359999984512339e-08,-0.0003625297136977679
-1.3399999842453104e-08,-0.0004090082286722918
-1.3199999839782817e-08,-0.00045912419264482196
-1.299999983711253e-08,-0.0004963070046244411
-1.2799999834442244e-08,-0.0005314690116051679
-1.2599999831771958e-08,-0.000576330882580578
-1.2399999829101672e-08,-0.0005985597375683938
-1.2199999826431385e-08,-0.0006397841595457976
-1.1999999823761099e-08,-0.0006721170395280751
-1.1799999821090812e-08,-0.0006915167675174416
-1.1599999818420526e-08,-0.000719403876502156
-1.139999981575024e-08,-0.0007476951464866488
-1.1199999813079953e-08,-0.0007743697724720278
-1.0999999810409667e-08,-0.0007877070854647172
-1.079999980773938e-08,-0.0008034693644560775
-1.0599999805069094e-08,-0.0008131692284507608
-1.0399999802398808e-08,-0.0008058943304547483
-1.0199999799728521e-08,-0.0008204441264467732
-9.999999797058235e-09,-0.0008075109744538622
-9.799999794387948e-09,-0.0007852821194660464
-9.599999791717662e-09,-0.0007743697724720278
-9.399999789047376e-09,-0.0007480993074864273
-9.19999978637709e-09,-0.0007068748855090234
-8.999999783706803e-09,-0.0006652463025318411
-8.799999781036517e-09,-0.0006450382525429177
-8.59999977836623e-09,-0.0006038138305655139
-8.399999775695944e-09,-0.0005674393405854516
-8.199999773025657e-09,-0.0005193441816118138
-7.999999770355371e-09,-0.0004882237846288717
-7.799999767685085e-09,-0.00046033667564415737
-7.599999765014798e-09,-0.0004247705076636521
-7.399999762344512e-09,-0.00038475856868558367
-7.199999759674225e-09,-0.0003778878316893497
-6.999999757003939e-09,-0.0003597005866993186
-6.799999754333653e-09,-0.0003597005866993186
-6.599999751663366e-09,-0.00035363817170264156
-6.39999974899308e-09,-0.0003657630016959956
-6.1999997463227934e-09,-0.00038112111968757745
-5.999999743652507e-09,-0.0004041582966749502
-5.799999740982221e-09,-0.0004259829906629875
-5.599999738311934e-09,-0.00044376607465324014
-5.399999735641648e-09,-0.0004235580246643167
-5.1999997329713615e-09,-0.00040173333067627937
-4.999999730301075e-09,-0.00036293387469754634
-4.799999727630789e-09,-0.0003778878316893497
-4.599999724960502e-09,-0.0004170914486678612
-4.399999722290216e-09,-0.00048539465763042244
-4.1999997196199295e-09,-0.0004930737166262134
-3.999999716949643e-09,-0.00042436634666387363
-3.799999714279357e-09,-0.0003140303937243516
-3.5999997116090703e-09,-0.0002776559037442894
-3.399999708938784e-09,-0.00034474662970751524
-3.1999997062684975e-09,-0.00045912419264482196
-2.999999703598211e-09,-0.0005116651226160229
-2.7999997009279248e-09,-0.00048418217463108704
-2.5999996982576384e-09,-0.0004130498386700765
-2.399999695587352e-09,-0.00032090113072058557
-2.1999996929170656e-09,-0.0002986722757327698
-1.999999690246779e-09,-0.0003415133417092875
-1.7999996875764928e-09,-0.0003871835346842545
-1.5999996849062064e-09,-0.0004401286256552339
-1.39999968223592e-09,-0.0004534659386479234
-1.1999996795656336e-09,-0.00043447037165833535
-9.999996768953472e-10,-0.00038880017868336836
-7.999996742250608e-10,-0.0003754628656906789
-5.999996715547744e-10,-0.00040981655067184874
-3.9999966888448805e-10,-0.00047731143763485306
-1.9999966621420166e-10,-0.0005670351795856732
3.3645608473285843e-16,-0.0006179594655577603
2.0000033912637112e-10,-0.0006458465745424746
4.000003417966575e-10,-0.0006502923455400378
6.000003444669439e-10,-0.0006692879125296258
8.000003471372303e-10,-0.000692729250516777
1.0000003498075167e-09,-0.0006915167675174416
1.200000352477803e-09,-0.0007270829354979469
1.4000003551480895e-09,-0.0007424410534895287
1.6000003578183759e-09,-0.0007816446704680402
1.8000003604886623e-09,-0.0007957903054602866
2.0000003631589487e-09,-0.000725466291498833
2.200000365829235e-09,-0.0006038138305655139
2.4000003684995214e-09,-0.0005278315626071617
2.600000371169808e-09,-0.0004938820386257703
2.8000003738400942e-09,-0.0005096443176171306
3.0000003765103806e-09,-0.0004809488866328593
3.200000379180667e-09,-0.0003976917206784947
3.4000003818509534e-09,-0.00024411054076267646
3.6000003845212398e-09,-0.00012407472382847118
3.800000387191526e-09,-6.425889586125777e-05
4.0000003898618126e-09,-3.8392591875435755e-05
4.200000392532099e-09,1.536082109510062e-05
4.400000395202385e-09,0.00012044268103750255
4.600000397872672e-09,0.00022633286297946142
4.800000400542958e-09,0.00026876976795620067
5.0000004032132445e-09,0.00027402386095332076
5.200000405883531e-09,0.0002788737929506624
5.400000408553817e-09,0.0003257564689249648
5.600000411224104e-09,0.00039527216088686146
5.80000041389439e-09,0.0004417506758613854
6.0000004165646765e-09,0.00042275510887179735
6.200000419234963e-09,0.0004053761858813232
6.400000421905249e-09,0.00038597645789195667
6.600000424575536e-09,0.00039810128788531074
6.800000427245822e-09,0.0004126510838773356
7.0000004299161085e-09,0.0004272008798693605
7.200000432586395e-09,0.0004360924218644868
7.400000435256681e-09,0.00043205081186670213
7.600000437926968e-09,0.0004360924218644868
7.800000440597254e-09,0.00044983389585695477
8.00000044326754e-09,0.0004716585898449921
8.200000445937827e-09,0.0004910583178343586
8.400000448608113e-09,0.0005383451548084395
8.6000004512784e-09,0.0005658281027933754
8.800000453948686e-09,0.0005860361527822988
9.000000456618972e-09,0.000623218964761918
9.200000459289259e-09,0.0006228148037621395
9.400000461959545e-09,0.0006296855407583735
9.600000464629832e-09,0.0006175607107650194
9.800000467300118e-09,0.0005977568217758744
1.0000000469970404e-08,0.0005589573657971414
1.020000047264069e-08,0.0005237953588164146
1.0400000475310977e-08,0.0005015665038285988
1.0600000477981264e-08,0.0004441756418600562
1.080000048065155e-08,0.00039284719488819064
1.1000000483321836e-08,0.00033909378191765427
1.1200000485992123e-08,0.0002356285659743662
1.1400000488662409e-08,0.00011397610504104705
1.1600000491332695e-08,1.5764982094879088e-05
1.1800000494002982e-08,-8.689191184885203e-05
1.2000000496673268e-08,-0.00010467499583910467
1.2200000499343555e-08,-0.00012528720682780659
1.2400000502013841e-08,-0.00017297820480166592
1.2600000504684127e-08,-0.0002643185907515999
1.2800000507354414e-08,-0.0003439383077079583
1.30000005100247e-08,-0.0004037541356751717
1.3200000512694987e-08,-0.0004049666186745071
1.3400000515365273e-08,-0.00038880017868336836
1.360000051803556e-08,-0.0003637421966971033
1.3800000520705846e-08,-0.00034312998570840136
1.4000000523376132e-08,-0.00028856825073830805
1.4200000526046419e-08,-0.0002602769807538152
1.4400000528716705e-08,-0.0002582561757549229
1.4600000531386991e-08,-0.0002590644977544798
1.4800000534057278e-08,-0.0002408772527644487
1.5000000536727564e-08,-0.00016085337480831186
1.520000053939785e-08,-7.678788685439031e-05
1.5400000542068137e-08,-8.88883889160752e-06
1.5600000544738423e-08,5.660957100417363e-06
1.580000054740871e-08,-2.86927278807525e-05
1.6000000550078996e-08,-7.355459885616256e-05
1.6200000552749282e-08,-0.00010144170784087692
1.640000055541957e-08,-6.830050585904246e-05
1.6600000558089855e-08,6.469279099974301e-06
1.6800000560760142e-08,4.324793007981498e-05
1.7000000563430428e-08,6.183933606962455e-05
1.7200000566100714e-08,8.894245098645115e-06
1.7400000568771e-08,-3.920091387499269e-05
1.7600000571441287e-08,-5.8196480864580735e-05
1.7800000574111574e-08,-3.152185487920178e-05
1.800000057678186e-08,2.4656524090005405e-05
1.8200000579452146e-08,9.740550405012982e-05
1.8400000582122433e-08,0.00014388401902465375
1.860000058479272e-08,0.0001746002550078174
1.8800000587463006e-08,0.0002109747449878796
1.9000000590133292e-08,0.00025179500596550497
1.920000059280358e-08,0.0003297980789227495
1.9400000595473865e-08,0.00040093041488376
1.960000059814415e-08,0.000493079122833251
1.9800000600814438e-08,0.0005779529327867294
2.0000000603484724e-08,0.0006139232617670132
2.020000060615501e-08,0.0006519143957461893
2.0400000608825297e-08,0.000681013987730239
2.0600000611495583e-08,0.0006987970717204917
2.080000061416587e-08,0.0007093052577147319
2.1000000616836156e-08,0.0007509338406919142
2.1200000619506442e-08,0.0007666961196832744
2.140000062217673e-08,0.0007388090106985601
2.1600000624847015e-08,0.0006850555977280237
2.18000006275173e-08,0.0006313021847574873
2.2000000630187588e-08,0.0005686572297918246
2.2200000632857874e-08,0.0005391534768079964
2.240000063552816e-08,0.0004894416738352447
2.2600000638198447e-08,0.0004340716168655945
2.2800000640868733e-08,0.0003843598138928428
2.300000064353902e-08,0.00033788129891831886
2.3200000646209306e-08,0.0003399021039172112
2.3400000648879593e-08,0.0003350521719198696
2.360000065154988e-08,0.0003386896209178758
2.3800000654220165e-08,0.0003334355279207557
2.4000000656890452e-08,0.0003516227729107868
2.4200000659560738e-08,0.00035728102690768537
2.4400000662231025e-08,0.0004191176598737911
2.460000066490131e-08,0.0004530671838551825
2.4800000667571597e-08,0.0005047997918268265
2.5000000670241884e-08,0.0005444075698051165
