保存した波形 C3
 1 列目は時間,2 列目は信号値
 
-2.52e-08,0.00017257945000892505
-2.4999999997329714e-08,0.00011033865604304083
-2.4799999994659428e-08,4.203544708047957e-05
-2.459999999198914e-08,-4.04133968743281e-05
-2.4399999989318855e-08,-0.00011194989383511711
-2.419999998664857e-08,-0.0001968237037885956
-2.3999999983978282e-08,-0.00027038100574827695
-2.3799999981307996e-08,-0.0003520215277035277
-2.359999997863771e-08,-0.00043568285465767076
-2.3399999975967423e-08,-0.0005092401566173521
-2.3199999973297137e-08,-0.0005718851115830148
-2.299999997062685e-08,-0.0006325092615497852
-2.2799999967956564e-08,-0.0006680754295302904
-2.2599999965286278e-08,-0.0007109164955068081
-2.239999996261599e-08,-0.0007331453504946239
-2.2199999959945705e-08,-0.0007586074934806675
-2.199999995727542e-08,-0.0007493117904857627
-2.1799999954605132e-08,-0.0007666907134762369
-2.1599999951934846e-08,-0.0007565866884817751
-2.139999994926456e-08,-0.0007735614504724708
-2.1199999946594273e-08,-0.0007751780944715847
-2.0999999943923986e-08,-0.000778007221470034
-2.07999999412537e-08,-0.0007699240014744646
-2.0599999938583414e-08,-0.0007723489674731354
-2.0399999935913127e-08,-0.0007618407814788952
-2.019999993324284e-08,-0.0007610324594793383
-1.9999999930572554e-08,-0.0007561825274819967
-1.9799999927902268e-08,-0.000732337028495067
-1.9599999925231982e-08,-0.0007230413255001622
-1.9399999922561695e-08,-0.0007040457585105742
-1.919999991989141e-08,-0.0006862626745203215
-1.8999999917221123e-08,-0.000659992209534721
-1.8799999914550836e-08,-0.0006131095335604186
-1.859999991188055e-08,-0.0005864349075750397
-1.8399999909210263e-08,-0.0005379355876016234
-1.8199999906539977e-08,-0.0004797364036335239
-1.799999990386969e-08,-0.000419516414666532
-1.7799999901199404e-08,-0.00033262179971416117
-1.7599999898529118e-08,-0.00024289805776334106
-1.739999989585883e-08,-0.00015074934981385013
-1.7199999893188545e-08,-6.668386185992858e-05
-1.699999989051826e-08,2.708149008867622e-05
-1.6799999887847972e-08,0.00014267153602531835
-1.6599999885177686e-08,0.00021461219398588582
-1.63999998825074e-08,0.0003205023759278447
-1.6199999879837113e-08,0.0004037595418822093
-1.5999999877166827e-08,0.0004704461068456567
-1.579999987449654e-08,0.0005403659598073318
-1.5599999871826254e-08,0.0006058400417714438
-1.5399999869155967e-08,0.0006539352007450816
-1.519999986648568e-08,0.0006842472757284668
-1.4999999863815395e-08,0.0007222384097076429
-1.4799999861145108e-08,0.0007481047136934649
-1.4599999858474822e-08,0.0007582087386879266
-1.4399999855804535e-08,0.00077841678867685
-1.4199999853134249e-08,0.0007675044416828314
-1.3999999850463963e-08,0.0007687169246821668
-1.3799999847793676e-08,0.0007642711536846036
-1.359999984512339e-08,0.0007440631036956802
-1.3399999842453104e-08,0.0007295133077036553
-1.3199999839782817e-08,0.0007016261987189409
-1.299999983711253e-08,0.0006648475477391003
-1.2799999834442244e-08,0.0006357479557550505
-1.2599999831771958e-08,0.0005989693047752098
-1.2399999829101672e-08,0.0005682530687920462
-1.2199999826431385e-08,0.0005161162998206237
-1.1999999823761099e-08,0.00045387550585473946
-1.1799999821090812e-08,0.0003989096098848677
-1.1599999818420526e-08,0.00034596451891388824
-1.139999981575024e-08,0.00029625271594113656
-1.1199999813079953e-08,0.00024169098097104325
-1.0999999810409667e-08,0.00016853784001114036
-1.079999980773938e-08,9.780966504990829e-05
-1.0599999805069094e-08,2.5869007089340812e-05
-1.0399999802398808e-08,-4.2838362872998914e-05
-1.0199999799728521e-08,-0.00010103754684109845
-9.999999797058235e-09,-0.00015802424780986257
-9.799999794387948e-09,-0.00019844034778770947
-9.599999791717662e-09,-0.00023521899876755015
-9.399999789047376e-09,-0.00026916852274894154
-9.19999978637709e-09,-0.00027563509874539704
-8.999999783706803e-09,-0.00029786395373321284
-8.799999781036517e-09,-0.00031483871572390854
-8.59999977836623e-09,-0.0003310051557150473
-8.399999775695944e-09,-0.0003556589767015339
-8.199999773025657e-09,-0.00037586702669045735
-7.999999770355371e-09,-0.00040819990667273487
-7.799999767685085e-09,-0.00042679131266254444
-7.599999765014798e-09,-0.0004627616416428282
-7.399999762344512e-09,-0.00046033667564415737
-7.199999759674225e-09,-0.00048781962362909326
-6.999999757003939e-09,-0.0004898404286279856
-6.799999754333653e-09,-0.0004744823106364038
-6.599999751663366e-09,-0.0004845863356308655
-6.39999974899308e-09,-0.0004284079566616583
-6.1999997463227934e-09,-0.0004271954736623229
-5.999999743652507e-09,-0.00041224151667051956
-5.799999740982221e-09,-0.00040739158467317793
-5.599999738311934e-09,-0.00037303789969200807
-5.399999735641648e-09,-0.00026674355675027073
-5.1999997329713615e-09,-0.0001054833178386616
-4.999999730301075e-09,2.8698134087790095e-05
-4.799999727630789e-09,9.174725005323126e-05
-4.599999724960502e-09,6.588094606740924e-05
-4.399999722290216e-09,8.083490305921259e-05
-4.1999997196199295e-09,0.00019480830499674084
-3.999999716949643e-09,0.0004575129548527457
-3.799999714279357e-09,0.0006066483637710007
-3.5999997116090703e-09,0.0005795695767858433
-3.399999708938784e-09,0.00040860947387955093
-3.1999997062684975e-09,0.00028614869094667483
-2.999999703598211e-09,0.0003346480109200911
-2.7999997009279248e-09,0.0005371326718091041
-2.5999996982576384e-09,0.0007780126276770716
-2.399999695587352e-09,0.0009558434675795979
-2.1999996929170656e-09,0.0010621378105213353
-1.999999690246779e-09,0.0011130620964934224
-1.7999996875764928e-09,0.0011502449084730415
-1.5999996849062064e-09,0.0011692404754626295
-1.39999968223592e-09,0.0011890443644517745
-1.1999996795656336e-09,0.0012682599204083544
-9.999996768953472e-10,0.0013988039233368
-7.999996742250608e-10,0.0015244979942679038
-5.999996715547744e-10,0.0015325812142634732
-3.9999966888448805e-10,0.0014481115653097731
-1.9999966621420166e-10,0.0013143342743831
3.3645608473285843e-16,0.0012440102604216463
2.0000033912637112e-10,0.0012141023464380396
4.000003417966575e-10,0.0011951067794484516
6.000003444669439e-10,0.0011611572554670602
8.000003471372303e-10,0.0011150829014923147
1.0000003498075167e-09,0.0010536504295259874
1.200000352477803e-09,0.0009663516535738381
1.4000003551480895e-09,0.000843890870640962
1.6000003578183759e-09,0.0006814181487300175
1.8000003604886623e-09,0.0005419826038064457
2.0000003631589487e-09,0.0005092455628243897
2.200000365829235e-09,0.0005241995198161931
2.4000003684995214e-09,0.000486208385837017
2.600000371169808e-09,0.0003059525799358198
2.8000003738400942e-09,8.932228405456044e-05
3.0000003765103806e-09,-7.395875985594103e-05
3.200000379180667e-09,-0.00011114157183556017
3.4000003818509534e-09,-9.295432684552907e-05
3.6000003845212398e-09,-0.00014024116381960994
3.800000387191526e-09,-0.00028452664074052336
4.0000003898618126e-09,-0.0004417452696543478
4.200000392532099e-09,-0.0005173233766129215
4.400000395202385e-09,-0.0005116651226160229
4.600000397872672e-09,-0.0005439980025983004
4.800000400542958e-09,-0.0006696920735294043
5.0000004032132445e-09,-0.000843481303434146
5.200000405883531e-09,-0.0009821085263581608
5.400000408553817e-09,-0.0010112081183422106
5.600000411224104e-09,-0.0010233329483355647
5.80000041389439e-09,-0.0010556658283178422
6.0000004165646765e-09,-0.00114862285826689
6.200000419234963e-09,-0.0012549172012086274
6.400000421905249e-09,-0.0013405993331616628
6.600000424575536e-09,-0.0013454492651590044
6.800000427245822e-09,-0.0013486825531572322
7.0000004299161085e-09,-0.0013733363741437188
7.200000432586395e-09,-0.0013802071111399528
7.400000435256681e-09,-0.0013793987891403958
7.600000437926968e-09,-0.0013466617481583398
7.800000440597254e-09,-0.0013228162491714102
8.00000044326754e-09,-0.0012961416231860312
8.200000445937827e-09,-0.0012904833691891326
8.400000448608113e-09,-0.001220159355227679
8.6000004512784e-09,-0.001155493595263124
8.800000453948686e-09,-0.0010576866333167345
9.000000456618972e-09,-0.000980491882359047
9.200000459289259e-09,-0.0008741975394173096
9.400000461959545e-09,-0.0007759864164711416
9.600000464629832e-09,-0.0006971750215143402
9.800000467300118e-09,-0.0006317009395502282
1.0000000469970404e-08,-0.0005698643065841225
1.020000047264069e-08,-0.0005181316986124784
1.0400000475310977e-08,-0.00044376607465324014
1.0600000477981264e-08,-0.0003273677067170411
1.080000048065155e-08,-0.00020046115278660182
1.1000000483321836e-08,-0.00011922479183112955
1.1200000485992123e-08,-0.00011760814783201567
1.1400000488662409e-08,-0.00019520705978948172
1.1600000491332695e-08,-0.0002331981937686578
1.1800000494002982e-08,-0.0001564076038107487
1.2000000496673268e-08,-8.484677891829051e-06
1.2200000499343555e-08,0.00011155113904237624
1.2400000502013841e-08,0.0001418632140257614
1.2600000504684127e-08,7.719745406120637e-05
1.2800000507354414e-08,1.6169143094657557e-05
1.30000005100247e-08,8.085923099088177e-06
1.3200000512694987e-08,2.5060685089783874e-05
1.3400000515365273e-08,5.86060480713968e-05
1.360000051803556e-08,9.013060605411738e-05
1.3800000520705846e-08,0.00010791369004437001
1.4000000523376132e-08,0.0001265050960341796
1.4200000526046419e-08,0.00010670120704503461
1.4400000528716705e-08,2.0235081024111423e-06
1.4600000531386991e-08,-8.931687784752285e-05
1.4800000534057278e-08,-0.00012286224082913577
1.5000000536727564e-08,-5.900480286413767e-05
1.520000053939785e-08,2.9506456087347033e-05
1.5400000542068137e-08,7.67932930614279e-05
1.5600000544738423e-08,8.894245098645115e-06
1.580000054740871e-08,-0.000139432841820053
1.6000000550078996e-08,-0.0002788683867436248
1.6200000552749282e-08,-0.00037222957769245113
1.640000055541957e-08,-0.00037465454369112194
1.6600000558089855e-08,-0.0003099887837265669
1.6800000560760142e-08,-0.00028614328473963724
1.7000000563430428e-08,-0.0003204969697208071
1.7200000566100714e-08,-0.00041345399966985497
1.7400000568771e-08,-0.000563397730587667
1.7600000571441287e-08,-0.0006696920735294043
1.7800000574111574e-08,-0.0007202121985017129
1.800000057678186e-08,-0.0006858585135205431
1.8200000579452146e-08,-0.000672925361527632
1.8400000582122433e-08,-0.0006551422775373794
1.860000058479272e-08,-0.0006955583775152263
1.8800000587463006e-08,-0.0007501201124853196
1.9000000590133292e-08,-0.0007549700444826613
1.920000059280358e-08,-0.0007428452144893072
1.9400000595473865e-08,-0.0007121289785061435
1.960000059814415e-08,-0.0006482715405411454
1.9800000600814438e-08,-0.0005876473905743751
2.0000000603484724e-08,-0.0005161108936135861
2.020000060615501e-08,-0.00045023265064969564
2.0400000608825297e-08,-0.00040981655067184874
2.0600000611495583e-08,-0.0003439383077079583
2.080000061416587e-08,-0.0002877599287387511
2.1000000616836156e-08,-0.00022753993977175924
2.1200000619506442e-08,-0.00016449082380631808
2.140000062217673e-08,-0.00011397069883400945
2.1600000624847015e-08,-6.708802285970705e-05
2.18000006275173e-08,-5.4963192866352983e-05
2.2000000630187588e-08,-3.0309371879866376e-05
2.2200000632857874e-08,1.2935855096429805e-05
2.240000063552816e-08,5.698940407228292e-05
2.2600000638198447e-08,5.698940407228292e-05
2.2800000640868733e-08,0.00010185127504769298
2.300000064353902e-08,0.00014347985802487528
2.3200000646209306e-08,0.0002174413209843351
2.3400000648879593e-08,0.0002970610379406935
2.360000065154988e-08,0.00035081445091122987
2.3800000654220165e-08,0.00038233900889395045
2.4000000656890452e-08,0.0004053761858813232
2.4200000659560738e-08,0.0004352840998649299
2.4400000662231025e-08,0.0005043956308270481
2.460000066490131e-08,0.0005726988397896093
2.4800000667571597e-08,0.0006486811077479615
2.5000000670241884e-08,0.0007105177407140673
