保存した波形 C3
 1 列目は時間,2 列目は信号値
 
-2.52e-08,8.164322505876953e-05
-2.4999999997329714e-08,0.00010670120704503461
-2.4799999994659428e-08,0.00011397610504104705
-2.459999999198914e-08,0.00011438026604082552
-2.4399999989318855e-08,0.00011923019803816715
-2.419999998664857e-08,0.00012165516403683796
-2.3999999983978282e-08,0.0001289300620328504
-2.3799999981307996e-08,0.0001265050960341796
-2.359999997863771e-08,0.00012165516403683796
-2.3399999975967423e-08,9.700134305035135e-05
-2.3199999973297137e-08,9.174725005323126e-05
-2.299999997062685e-08,7.638913206164943e-05
-2.2799999967956564e-08,8.002658105965565e-05
-2.2599999965286278e-08,5.6181082072725985e-05
-2.239999996261599e-08,3.354806608513172e-05
-2.2199999959945705e-08,2.8698134087790095e-05
-2.199999995727542e-08,2.703103518797434e-09
-2.1799999954605132e-08,-8.88883889160752e-06
-2.1599999951934846e-08,-4.324252387277738e-05
-2.139999994926456e-08,-4.930493886945442e-05
-2.1199999946594273e-08,-8.285030185106734e-05
-2.0999999943923986e-08,-0.00010063338584131998
-2.07999999412537e-08,-0.00016206585780764726
-2.0599999938583414e-08,-0.0001956112207892602
-2.0399999935913127e-08,-0.0002190525587764114
-2.019999993324284e-08,-0.0002724018107471693
-1.9999999930572554e-08,-0.0002930140217358712
-1.9799999927902268e-08,-0.00033666340971194586
-1.9599999925231982e-08,-0.0003819294416871344
-1.9399999922561695e-08,-0.0004142623216694119
-1.919999991989141e-08,-0.00045387009964770186
-1.8999999917221123e-08,-0.0004914570726270995
-1.8799999914550836e-08,-0.0005225774696100416
-1.859999991188055e-08,-0.0005585477985903253
-1.8399999909210263e-08,-0.0005904765175728244
-1.8199999906539977e-08,-0.0006333175835493421
-1.799999990386969e-08,-0.0006555464385371579
-1.7799999901199404e-08,-0.0006850501915209861
-1.7599999898529118e-08,-0.0007226371645003837
-1.739999989585883e-08,-0.0007497159514855412
-1.7199999893188545e-08,-0.0007634574254780091
-1.699999989051826e-08,-0.0007868987634651603
-1.6799999887847972e-08,-0.0008034693644560775
-1.6599999885177686e-08,-0.0008256982194438933
-1.63999998825074e-08,-0.0008289315074421211
-1.6199999879837113e-08,-0.000823677414445001
-1.5999999877166827e-08,-0.0008309523124410134
-1.579999987449654e-08,-0.0008248898974443364
-1.5599999871826254e-08,-0.0008277190244427857
-1.5399999869155967e-08,-0.0008252940584441149
-1.519999986648568e-08,-0.0008184233214478809
-1.4999999863815395e-08,-0.0008103401014523115
-1.4799999861145108e-08,-0.000830548151441235
-1.4599999858474822e-08,-0.0007974069494594005
-1.4399999855804535e-08,-0.0007788155434695909
-1.4199999853134249e-08,-0.0007763905774709201
-1.3999999850463963e-08,-0.0007485034684862057
-1.3799999847793676e-08,-0.0007412285704901933
-1.359999984512339e-08,-0.0007295079014966177
-1.3399999842453104e-08,-0.0007084915295081373
-1.3199999839782817e-08,-0.0006907084455178847
-1.299999983711253e-08,-0.0006454424135426962
-1.2799999834442244e-08,-0.0006191719485570957
-1.2599999831771958e-08,-0.0005799683315785842
-1.2399999829101672e-08,-0.0005330856556042818
-1.2199999826431385e-08,-0.00047811975963441
-1.1999999823761099e-08,-0.00042517466866343057
-1.1799999821090812e-08,-0.00036657132369555256
-1.1599999818420526e-08,-0.0003059471737287822
-1.139999981575024e-08,-0.00024006893076489177
-1.1199999813079953e-08,-0.00017701981479945061
-1.0999999810409667e-08,-0.00011679982583245874
-1.079999980773938e-08,-4.2434201873220445e-05
-1.0599999805069094e-08,2.5464846089562343e-05
-1.0399999802398808e-08,8.083490305921259e-05
-1.0199999799728521e-08,0.00014630898502332457
-9.999999797058235e-09,0.00020774145698965185
-9.799999794387948e-09,0.00028695701294623177
-9.599999791717662e-09,0.0003306064009223064
-9.399999789047376e-09,0.0003932513558879691
-9.19999978637709e-09,0.0004571087938529672
-8.999999783706803e-09,0.0005068205968257189
-8.799999781036517e-09,0.0005840153477834065
-8.59999977836623e-09,0.0006143274227667916
-8.399999775695944e-09,0.000661210098741094
-8.199999773025657e-09,0.0006967762667215993
-7.999999770355371e-09,0.0007303216297032122
-7.799999767685085e-09,0.0007739710176792869
-7.599999765014798e-09,0.0008176204056553615
-7.399999762344512e-09,0.0008374242946445065
-7.199999759674225e-09,0.000856824022633873
-6.999999757003939e-09,0.0008879444196168151
-6.799999754333653e-09,0.000895623478612606
-6.599999751663366e-09,0.0009247230705966558
-6.39999974899308e-09,0.0009311896465931113
-6.1999997463227934e-09,0.0009457394425851362
-5.999999743652507e-09,0.000955035145580041
-5.799999740982221e-09,0.0009594809165776041
-5.599999738311934e-09,0.0009950470845581094
-5.399999735641648e-09,0.0010160634565465898
-5.1999997329713615e-09,0.001064562776520006
-4.999999730301075e-09,0.0010956831735029482
-4.799999727630789e-09,0.0011207411554892133
-4.599999724960502e-09,0.0011074038424965238
-4.399999722290216e-09,0.0010924498855047204
-4.1999997196199295e-09,0.0010944706905036128
-3.999999716949643e-09,0.0011191245114900994
-3.799999714279357e-09,0.0011425658494772506
-3.5999997116090703e-09,0.001142970010477029
-3.399999708938784e-09,0.001104170554498296
-3.1999997062684975e-09,0.0010710293525164616
-2.999999703598211e-09,0.0010431422435317472
-2.7999997009279248e-09,0.0010378881505346271
-2.5999996982576384e-09,0.0010378881505346271
-2.399999695587352e-09,0.0010322298965377286
-2.1999996929170656e-09,0.0010302090915388362
-1.999999690246779e-09,0.0010039386265532357
-1.7999996875764928e-09,0.000987772186562097
-1.5999996849062064e-09,0.0009348270955911175
-1.39999968223592e-09,0.0008843069706188089
-1.1999996795656336e-09,0.000837020133644728
-9.999996768953472e-10,0.0008184287276549185
-7.999996742250608e-10,0.0007897332966706472
-5.999996715547744e-10,0.0007553796116894773
-3.9999966888448805e-10,0.0006765682167326759
-1.9999966621420166e-10,0.0006017984317736591
3.3645608473285843e-16,0.0005423867648062242
2.0000033912637112e-10,0.0005096497238241682
4.000003417966575e-10,0.0004599379208514165
6.000003444669439e-10,0.00041467188887622797
8.000003471372303e-10,0.00036172679790524853
1.0000003498075167e-09,0.00034475203591455283
1.200000352477803e-09,0.00031201499493249685
1.4000003551480895e-09,0.0002671531239570868
1.6000003578183759e-09,0.00019723327099541166
1.8000003604886623e-09,0.00012933422303262887
2.0000003631589487e-09,4.971450607627048e-05
2.200000365829235e-09,-2.4222628951520164e-06
2.4000003684995214e-09,-3.152185487920178e-05
2.600000371169808e-09,-7.719204785416878e-05
2.8000003738400942e-09,-0.00016327834080698267
3.0000003765103806e-09,-0.00026148946375315063
3.200000379180667e-09,-0.0003124137497252377
3.4000003818509534e-09,-0.0003455549517070722
3.6000003845212398e-09,-0.0003944584326802669
3.800000387191526e-09,-0.0004530617776481449
4.0000003898618126e-09,-0.0005112609616162445
4.200000392532099e-09,-0.0005840099415763689
4.400000395202385e-09,-0.0006026013475661784
4.600000397872672e-09,-0.0006248302025539942
4.800000400542958e-09,-0.0006818169035227584
5.0000004032132445e-09,-0.0007149581055045928
5.200000405883531e-09,-0.0007569908494815536
5.400000408553817e-09,-0.0007569908494815536
5.600000411224104e-09,-0.0007493117904857627
5.80000041389439e-09,-0.0007379952824919656
6.0000004165646765e-09,-0.0007586074934806675
6.200000419234963e-09,-0.0007610324594793383
6.400000421905249e-09,-0.0007727531284729139
6.600000424575536e-09,-0.0007557783664822182
6.800000427245822e-09,-0.0007509284344848766
7.0000004299161085e-09,-0.0007331453504946239
7.200000432586395e-09,-0.0007117248175063651
7.400000435256681e-09,-0.0007161705885039282
7.600000437926968e-09,-0.0006959625385150048
7.800000440597254e-09,-0.0006781794545247521
8.00000044326754e-09,-0.0006721170395280751
8.200000445937827e-09,-0.0006692879125296258
8.400000448608113e-09,-0.0006454424135426962
8.6000004512784e-09,-0.0006078554405632985
8.800000453948686e-09,-0.0005722892725827933
9.000000456618972e-09,-0.0005035819026204535
9.200000459289259e-09,-0.0004558909046465942
9.400000461959545e-09,-0.0004041582966749502
9.600000464629832e-09,-0.00034717159570618605
9.800000467300118e-09,-0.0002772517427445109
1.0000000469970404e-08,-0.000210969338780842
1.020000047264069e-08,-0.00014226196881850228
1.0400000475310977e-08,-7.274627685660562e-05
1.0600000477981264e-08,3.2739744085574785e-05
1.080000048065155e-08,0.00010791369004437001
1.1000000483321836e-08,0.00018389595800272218
1.1200000485992123e-08,0.00024411594696971406
1.1400000488662409e-08,0.0003023151309378136
1.1600000491332695e-08,0.0003580893489072423
1.1800000494002982e-08,0.00042639255786980357
1.2000000496673268e-08,0.0005359201888097687
1.2200000499343555e-08,0.0006325146677568227
1.2400000502013841e-08,0.0006866722417271376
1.2600000504684127e-08,0.0007436589426959017
1.2800000507354414e-08,0.0007957957116673242
1.30000005100247e-08,0.0008434867096411836
1.3200000512694987e-08,0.0009097691136048525
1.3400000515365273e-08,0.0009627142045758319
1.360000051803556e-08,0.0010423339215321903
1.3800000520705846e-08,0.001097299817502062
1.4000000523376132e-08,0.0011332701464823458
1.4200000526046419e-08,0.0011809611444562051
1.4400000528716705e-08,0.0012250146934320583
1.4600000531386991e-08,0.0012658349544096836
1.4800000534057278e-08,0.0012848305213992717
1.5000000536727564e-08,0.0013478796373647128
1.520000053939785e-08,0.0013891040593421167
1.5400000542068137e-08,0.0014363908963161975
1.5600000544738423e-08,0.0014545781413062286
1.580000054740871e-08,0.001464278005300912
1.6000000550078996e-08,0.0014602363953031272
1.6200000552749282e-08,0.0014400283453142038
1.640000055541957e-08,0.0014598322343033487
1.6600000558089855e-08,0.0014800402842922722
1.6800000560760142e-08,0.001502269139280088
1.7000000563430428e-08,0.0014840818942900569
1.7200000566100714e-08,0.0014440699553119885
1.7400000568771e-08,0.0013975914403374645
1.7600000571441287e-08,0.0013397964173691435
1.7800000574111574e-08,0.0012848305213992717
1.800000057678186e-08,0.0012278438204305075
1.8200000579452146e-08,0.001183386110454876
1.8400000582122433e-08,0.001123166121487884
1.860000058479272e-08,0.0010475880145293104
1.8800000587463006e-08,0.000967968297572952
1.9000000590133292e-08,0.0009138107236026372
1.920000059280358e-08,0.0008103455076593491
1.9400000595473865e-08,0.0007093052577147319
1.960000059814415e-08,0.0006228148037621395
1.9800000600814438e-08,0.0005399617988075534
2.0000000603484724e-08,0.00045912959885185955
2.020000060615501e-08,0.00037991404289527964
2.0400000608825297e-08,0.0002946360719420227
2.0600000611495583e-08,0.00021259138898699348
2.080000061416587e-08,0.0001159969100399394
2.1000000616836156e-08,3.2335583085796316e-05
2.1200000619506442e-08,-8.0829496852175e-05
2.140000062217673e-08,-0.0001458994178165085
2.1600000624847015e-08,-0.00022996490577043005
2.18000006275173e-08,-0.00029099321673697887
2.2000000630187588e-08,-0.0003714212556928942
2.2200000632857874e-08,-0.00048014056463330235
2.240000063552816e-08,-0.0005532937055932052
2.2600000638198447e-08,-0.0006236177195546588
2.2800000640868733e-08,-0.0006818169035227584
2.300000064353902e-08,-0.0007525450784839904
2.3200000646209306e-08,-0.0007937695004613943
2.3400000648879593e-08,-0.0008422688204348106
2.360000065154988e-08,-0.0008915764624077838
2.3800000654220165e-08,-0.000934013367384523
2.4000000656890452e-08,-0.000973621145362813
2.4200000659560738e-08,-0.0010120164403417675
2.4400000662231025e-08,-0.0010128247623413245
2.460000066490131e-08,-0.001043540998324488
2.4800000667571597e-08,-0.0010524325403196144
2.5000000670241884e-08,-0.0010661740143120824
